111010111010011
100010011110001
101011100110001
111100111110011
100100111100010
110011110110001
111000100100011
100000010101100
111101011111100
111100010000100
100111100111011
101010110000000
111001111001101
100000000101011
100010101100000
100000101011000
111110100100100
101110101111110
101110001000010
111010011101101
110101100000000
100000001010110
110011100000101
111110011101100
101111001110110
100111000100001
110111001100010
100001010110000
101110011101111
110011110001000
101111010010010
111101001100011
101001111000100
101011000101011
100111101001001
110001001101101
111100111011110
111001110010111
100101011000000
110101110001101
