101101000111011010
100110110100010110
100111110100111011
110011001111010100
110000000101010001
111111100110101000
100100111110001011
101100010110011001
110001010110010110
101011111000100100
100010101100001010
110010100100000000
111001111111011010
110111100100110110
100111011010110110
110011000011100110
100010011001110110
100110010111100010
100100110111101001
100011010110001110
110001110100101001
100010011100110111
110011001111110100
101010001101101000
100010000001010000
110100011110001001
101001110111010010
111111010010011100
110000000010100111
110110000000110110
100110110000100110
101101001111100011
101010110001100111
101010000110010111
111010011100111001
111100001100110001
101011001101001100
100111001111000000
101001011111110010
111111100000010011
101000010010011110
101001001001011110
111001100001100101
100011111001100111
110011111101001001
110001010010100010
110000000000010011
110000010000111100
111011010010010001
100110100110001100
110101101000000001
111100101001000101
110100101101010110
101011110101110110
101101101111101110
110011011110111011
111100011101001101
111001011001000100
100101111001100001
110100100000000101
100111110001000100
111011010101111001
111100000111101011
110010011011110100
100000010111011010
110011001000010101
100101001011110101
100111110111000111
100110111101101101
100001001110111110
101010110010100000
111100000010100100
100011111111100111
110101100011001110
101011001000110111
101000011011000000
101100001000100110
101001011010000110
111111011101011001
111100000100111100
110000110111011011
100010011011001010
101111110000101111
111100001110000001
100011100011010111
111100100111111101
101100110110001000
111011001000101110
111001000111111100
110101100110010001
100110110010010111
101010001101000010
100101001110011111
100101100100000101
101101001000011101
100000010000110110
111000110111011000
110010111001011110
111111001100110100
101101100100100100
100011011101100101
101010011001010001
110010011000001000
100111000111100001
101011100000100100
101011111100000010
101000001111010110
101011111101110010
111010100100010011
111000010100000001
101100101100000100
100111001000001111
100000100110100100
101011110111101011
111010001110110001
100011111111001010
100100000100100001
101111101110010011
111001010010101010
110100110101111001
101000110011000101
110100010000100010
101011010110010001
110011001010100101
111010111101011010
100111101110111111
101010010110111101
100101001001111011
100010000011110000
100111011110110100
100100001001001010
100100000000000101
110010100101110111
101010101100111111
111111111011110000
111110000100011100
100000000101000110
111101101111100010
111000000001010011
110011110101000111
101110011001000100
110001110110101001
100110011110101101
111001001100100101
111111110010101100
101000001101000101
110010110001111110
111101001100010011
111111001111000101
111011000100110111
100011010001101000
101010111010001110
101011111011101011
111010000111000111
101010011001111000
101110011010111101
101100010100011110
110100001000001101
100011010001110100
111010010011000011
101111110000100010
101101010110100011
110010011100101000
110101011011100101
110011001101011001
100001110111010101
110101010011011101
100001110011001001
100111000011000001
110000111110011100
110000010111110011
110101011100001000
100000001001000011
111101011101100111
101011000011101000
100100100101101101
100011001111010101
111111011100001000
101111111001000011
110010011110111011
111100110101011010
100110110100010010
100110110101011111
110110100011100111
111000011000100111
111101110101010000
111110111110100010
111010001100101001
100010010111011111
110110000101110000
100010101111110010
101000101110010011
101001111111111101
100001110011101101
110010100001010011
111101000000100101
111010010110111001
101101010101011000
101001010001111010
110010010110110010
101010000110100000
100100101001100001
111100111100110010
101100100101101101
101011110001111011
111011011111011101
101100000000011010
101000111101000100
110011011000111010
100111010110010101
100010110111101011
111011001100101100
110011111011100011
100110000100111100
100111000111101111
101101000001100111
101111111000011011
101101010010110110
101010001111000010
100001011111010010
110001100101100100
100010000010000000
101101011001111111
100101000100010110
110101110110110001
101100110110110100
111100101110110000
100110011111001101
101000101010001000
111111000100000010
110101110100100000
100101001010001000
101010100000101100
110100101000000011
111001001100011010
110110000110100000
110110111001000110
101011111110100011
011001111111001000
101111011101011001
111011001100000001
110100011000000000
111011100110000010
101000100010010110
100001011111011110
111000110000101111
110011111100011111
100100110101010101
101001010011100011
100101001011111011
100101001010110011
110110110110110100
111110010100010000
110011011001001111
101001101100000011
100100010000111101
110000100010010001
111110001010000001
110010110010010100
100101101000100110
101111000110110001
100110100001000010
101111011001110000
100100101110111110
101010000100001110
111111110001101011
100011101010101101
101101101010010111
101101010101111010
101000111011011000
101011000100000111
101101000000001111
111011011010011101
111101111001010010
101000111010111100
111000010010110110
111111110011010111
101100010110101011
101001101111011001
111000100110010101
111011011001001010
111100011000011000
111001011100001101
110000111010010000
110110000101010110
101101100111100011
100100010101100001
100001000000010011
110010011010011100
100111111101110011
111000010101011010
111001111101010101
111100100100101011
111011111100111011
101101100001111101
100001000000101111
101001100111101001
111001011010010111
110010111011111001
111100111101010111
101101001101011100
101010110101100110
101111001110000010
101001000101010101
110100011100000110
101101100110101111
100101011001001101
101111001010100101
101011001101100001
101100100010100011
111101101011001011
101001010111101000
111110001000010000
111010001101111011
101101000100010101
101011111110011000
100111000011111101
111110001000101001
100110100000010100
100011010001001000
101100001100010010
101111110110100000
101111110001001010
110110100110000010
110000000101101100
100110111001000101
100011111001010011
111111110100000110
110010000100010110
111111101010001010
111110000110001111
111110110001000001
110111111010110001
111000111011011101
101011111011010111
111000010111110111
110100001010001000
111000110101010111
101010010001101010
110001111100100101
111111000110101101
110000011011010111
100110111100000001
111010101011000110
110111010011010111
101010011001100000
101001001101111000
100111000101101100
101101001001000010
101100110000011111
111000011101110111
111001100010110100
110111100001011101
110110101110001000
101010100101110011
110100010011110100
100010110000100000
101101000010000010
110010110000010111
101001111000100101
110011100011010101
111101011110101000
110000000101110010
110011001011001100
100011110000111001
100001000000100101
111111111111001010
110110001000001110
110101001110010001
101011110101000001
111011100101101101
100101000111000000
101000110111010110
111010111000011101
111110011000010101
101010001110010001
110000110010101010
101111000001110010
110000101111110101
111001001010010001
111001111101001111
100000101100000111
110110100011111101
100101100100010101
111000101100101100
110011111100000111
110110101111010010
101010101110010100
100000110000001011
100110101101000001
100101111000111011
100100011101101010
100101000111000001
110110100001100110
111110110101100011
111001010111010000
101011111010011111
111100001011000101
100100011010011110
100010001100001001
111010111110011001
100111010011101010
110101010100010000
100101000100111100
111110110110101110
111000111101000011
100001010111010010
111111001111101110
110111001111101001
101000111000010011
100011111001101101
101000111110100101
101001111000101010
110110011100111111
111100110101110001
110011000010001101
110011010111111111
111111001010111101
101111111011100111
101111001000011010
101011000110110010
101111111010001101
110101001011010001
110000001101000000
101100011000100101
100111011001001101
110110001111011010
110100101001010100
101111100111110101
111100111111011111
110110001011100111
101001101100011101
111010000100110000
110101000011101111
110001110101111110
101110100010101111
111101001101001011
101001110001100110
110100101111010001
101011000101100100
110000011111000101
101111000111101011
111010110011010000
100111011011111001
111001000011111000
100000110101100000
100101110101010110
110010001000011010
100110000011100011
101111111111111010
100110001100100001
110000000010011010
111101101011011011
101011000111010010
101001011111101001
100111101011001001
110000001101011110
100000010010000000
100000001000001111
100111100101111001
101001110011011100
101111011000100111
110101110000110010
100010111001011110
111011101100001001
100100100101111110
110010010010100010
101011101110010100
111110111110000011
111100111100001111
111000011100010100
110111000000110001
100101011010111100
110100101001011011
100000110011001110
110110111111011101
100000110011101101
101100100001111010
111011100101101111
101010001001101101
101101101111111010
110100100111110011
111011011001000011
100010011011111101
100001001001101011
100001000001010011
110001011101110110
100000100000100000
110110100000110001
111100101110000010
110100100011011111
101101001111101000
101010110100000011
110000100111001101
101000000101011011
101111111010000011
111101000101100100
110011001101011100
101000100011110110
110001001111000100
110110110001010111
101000111000000101
110111000001001111
111000100010010001
100110010101100111
101010100001001000
101100011000011101
111011010001010111
111011010001001000
101111011010001010
111001011111001000
110010100100111100
101001110100011010
101101010000011001
100110100010101000
101011100100110100
110100011001111111
111100000100110010
111101100100101000
111100010001011110
100001111110000111
100001101111101111
101010111000010100
101001000100110110
110010011000101100
110111001101100010
100100100100101111
110000000101110100
111011001100111001
110000110101010001
101111110011010100
100110110011001011
101011000011010010
110111010011110011
101011010111101111
110011101101000001
111000101011010101
101010010010100001
101011100111100100
101110011110011010
110000100101011010
100011111100111110
101010001000111000
100110001011101011
100011111000100010
100001000001100000
100011100101110110
111010100111001100
110111000110110111
111000101000111100
101111110111000001
111101011100001010
101100000111010001
110010110011110100
100000000011001111
111001110011100111
111101011010011010
100011100111101110
111011000010011000
100100111100101110
111110001101001010
111100010000101100
101101100100101110
110111001110000111
101101001111011001
100011111000000101
100100000010001001
101000100000000111
101111011010001111
100101011010101000
110000001111101000
101101100100101101
100110100111110100
110001011101101000
111101110110111110
111010010001101011
110011000111101011
111001000011110100
101100110100101100
110011100101100100
111011000111100000
110101101010111100
111100101000010111
101100001101000001
111010101101110100
100000100110011100
111110110110010110
101111010010101110
110111100110110111
101001011110101011
111011111101011100
101101101110101111
111011001101001011
101010000001111011
111111110110111111
101010001011100110
111110100010100011
100111111000010110
100001110001011011
111110100011000010
111010100100011001
111010010100110001
100010001110110110
100010010000101001
100101110101011111
110000010101100001
110011111101010001
101111010110010110
110001000111011110
100101010100111001
101010001000010100
111010110000000000
100111010001010000
100001110010111011
111111101011000100
101001101001100111
111110101010111101
110010110000001100
100111101000001001
110010111000000100
101000011101000101
100110001000011001
100011011000101011
100011010000100011
110111100111101100
110111000110011000
111010001110100111
111010110100111001
100101000100100010
101100000101111101
100001000101010010
110100001000011100
100100010010001000
100111011010011011
111011010111001101
111100011110010111
111000110011010100
101000010010010100
100101010001110101
100110011011000100
111001110000100100
100011001101010010
100101010000010110
111110110001001011
110110000110111101
101011011011110111
111000000011011010
100111011101010100
100001000011101001
111100000001000110
100110001000111001
110111001011011010
100110000000100000
111000110110001110
100101111011000101
110100111110011100
100001100110101001
101010100110011000
100011010001100000
100100100111100110
100101001011100111
100101101010101000
111011111011100010
100100110100100100
111101101110011110
100001000101111100
100110000000001101
110101110100100111
110001001101011100
101000100111100110
100010100001100111
110100111001011100
110100011110101000
100111111000011011
101000011001111001
111000110010111011
110011110001000100
101000011101101100
101011110101110011
111100000110110011
101110001100001100
111101010011000011
110011100110000110
101101001100101010
110010001101000010
001011111000101101
110101000111001000
100110010000110100
101101011110010111
100100101100101001
110111111000011101
100100100111010010
101010011011110100
101001001101001110
101001011111000100
101100100010001100
111111111010110110
111010011111011010
100111010011101001
111001010000011000
100110000100011100
101110100011001011
110000110001110010
111000111110001101
111011101001101111
101011100100100110
110001011000111001
101011110001101011
100010010010110010
110011001110110001
100001111111100101
110000011111111001
100010010110000110
111001000100110011
100111000011011100
101100111111010000
101000110010001100
111100000110011010
101001001110001000
110101100000110011
111111001111010011
100111111010011111
100000100010111000
100010000010110011
110010001111101010
110111100010011011
100001111001001100
101111110110001111
100100010111010001
111110010000111001
111111011001110111
110110011001010110
101100001011100110
100101010001000011
101001001011111100
110101011100001010
101000111001101101
100101100110000100
100001110011110000
100010111111100010
111101000101001111
110011001010100010
101111000100001000
100110111001001110
110001000111000001
100110010111110010
110011100001111010
100001101000000101
101011010011000001
110100110111001101
100000011100011010
110011100000101000
111010101101010111
101000100100011001
101110110100010110
100010010000000100
101101000110111100
110101010101101001
110100001001010010
100100111010001101
111001111110001100
110011011000001101
100111111011101010
100010110011100100
110010001100101000
110110101001010101
100101110110011010
111001000010111001
101101011001100110
110000100000100110
101111000011100100
110100100100000001
100101011111010010
100010101100000001
100100110001111111
110110100110101110
100100001101011011
111010110110001011
110000101100000000
110001010101011001
110101100101001000
110100101100100111
101010000111000000
101000111000101100
111001100011101000
110101000110011101
110000110111000101
111001011000001111
111010011000101111
100110100101111011
100110011001100111
111111100101011011
111100001001001001
110000100000101101
101011001000111000
101000000100110011
101100101110011111
100101000011001001
101101010110111100
101000111001100100
101000010011010000
110110000010010000
100110100111010011
111001110011010001
101000111001001110
111101001100000100
101011010011111001
101111010101110001
110111011100001011
110010111101110000
100110001011000110
100000011001100110
100100001011000000
101110010110001011
110000101111111100
101010000111101101
101111101010011110
100101000000110101
110000001000100100
101100101000101101
111111101110000010
111111100110111010
110001100101110011
110100100110011011
101100000011111111
101110011010100000
100001000101011111
100001101000101010
101011111000001111
101011101101000010
101011110011011111
101001101110010100
100000010100001101
110101111101101111
111001000110101010
110100101000011000
100011101101110010
101000101010100000
101101101000100100
111011011000101011
111001110110101000
111010111010010111
110101101111110101
101011101001011010
100111101000001011
110000111111111101
101101011111101011
101000011101011000
111110100110010111
110100000110111110
110111101001010011
101010010111010000
101111001011110010
100110111111110100
110101010011100100
100101111100010010
100011001111110100
101010011010110100
111111100111111111
111000100110011000
110110001001001010
110011101010010110
100110110111010010
101000101101001101
110000010000100100
101101001100000010
100011001110111100
110110110010101101
100011001100011101
111000110010000001
110110010001010101
100100100000100101
101001101011000100
100101100001000000
111011001111011101
110101010011011110
101101000100100100
101101000111001010
101110111111011011
101100010100001111
101000101101011011
100000110011111100
100110101111001011
101101000101011010
100101001000000000
100110011110110100
111101101101001010
100001111100101001
110111011100101000
110110101100101000
100110011010010110
110101110010011010
110010010100011000
100101111110001100
110010000000000000
101110101101010111
101001101100010010
110100110100010101
111010100110001010
110001111100011011
100010000110000100
111001010110101010
111101010010001101
100011101010010001
111010100111000010
100010011001001100
101011011111101010
110011101101010001
110010101011011110
111110001011101000
101111010010001001
100100011010001101
111101000101000000
100101110111111011
100111011001001010
111010010011011111
101001001111101111
100001010010100010
100111100001110010
110100111110111101
100010100110100011
111110100000100100
101000010001010110
101100010110100011
111000110010000100
110111101101100001
110110101011111011
111101100011000010
110111101010000010
101100111100100101
111110010010110100
101001010001110110
101010010111101010
110100000001111101
101000000001001101
111001010000000010
100111011000110100
110100000010001111
111111001100101100
101000000110101111
100010101111101010
111111101011101011
100100100101001101
111010001011000001
101101000010101111
111010111011001001
110111111100101101
101111100011001010
111101100100110100
111010101010110000
101010000111011100
111100001111010111
111011101001100101
111000010010011100
100000010100011100
101011101100000111
101011101001010111
101000001000100110
100101110011010110
101000101110110100
111101001101001001
100111001100000101
100110011000101101
111100011110011101
111111011010011101
111011110110001111
101010110001011101
100100111110110000
101010111010111111
100101010100000111
100100100110111100
100010000010110110
100000001010101110
101001101111000010
110111101100010100
101111011110101111
101111010110010111
111101011111010100
111000101001101110
110100111100100000
100110110111111101
111111100101101110
110110110101000010
110100110110111010
111001101100010010
101110101111011101
100000011110010011
110101111110101101
100000100001011000
111010001110010100
100000110100010101
101001100110011000
100011010001111000
111100001100001111
101110111010001111
111100111111010100
110000010110110000
111000000111011001
111100100100100010
111001011110001011
111000010110101001
100100010001111011
101101010101010110
100101010101001010
111011110111000111
101110010010100110
110101100111100111
100000011101001011
101101000110111000
110100000110010100
101101000100111011
111111000010000011
100011011000111000
101100101111000100
100001001100110011
111110001011111001
111101110110000001
101110101000001110
101110101100101010
100101110010111001
101111101101001111
111011110011011111
100100011100100111
111101100011010000
111000000000110100
110011111000101100
110000110011110010
110010011001011111
100011010011000110
110110101100111011
101001100101111111
101001001100010110
100100110001100101
111111010011001111
100010111001000101
101110000010011001
101110010010010001
110110010011000010
101110100011001111
110010101011001111
101011101010101011
101110101101011101
101010111111001111
101101100010011111
100000101110010100
101101101111110101
101111000110100101
100011101101110101
100100001011001101
101110111000010111
111101100000101100
110010011111101111
101100001001111000
111001001100111110
110000110000100011
110110000100010101
101000000010011000
100011010001100101
100110010100111101
100101011011000010
100010011010000101
111001101101011110
100100101001011111
101110111010011011
110100111000010100
111101001010101010
110101111001010101
101011100001000011
111111101000111101
100011110001000010
100011111111010011
100101101001101111
111011000001001100
111110011101110000
110000110000100000
110110101110101011
100100000000100100
101001101010011100
110100000001011001
100110100010101010
101110111011101011
110000101010111101
110010001110101101
111001010100011010
101011001001100111
111101101000001011
101100101001111010
100100110011111011
101000101011111000
110100101100110101
100011110000110010
100000101100001010
101101100000000001
101011111010011001
101100001101010110
100110100010010010
111011100100111010
100001110011110111
111100101000101001
110101011100101111
111000010100111000
111101001001011010
111001110111100000
101001011110100001
111011111110000010
101101011010000010
110101101010100011
100100101000011000
101011000010000000
111011011111001101
110010010010110010
101011001010101001
101000001000011010
100001101000110100
110010111011011011
111101010010001000
110011001001000110
111010010011010100
110000001001011111
110110001001010000
111101100010001011
111010111000000110
110110011000000100
100010101100010010
101000101000100110
110011010010010100
110101000010101100
111001001111000101
100011010010100000
111101001011100010
111001101110001010
111001000110010100
101010101010000100
100100111100111001
101001101001100010
110000111010101010
101101111111010011
110100000110111011
100011010010011000
100111001001010011
100100110101001110
100010101100101010
111111000101000100
101100110001011110
100110101110110111
110011110111011011
101100001001100101
111000000011001010
101010001010110101
101101110011000000
101000011100010000
100101111111001100
101001101010110011
111001101100010000
111100011010101010
100001111111000110
110111000110001100
101010110111000011
100111100010100000
110000100000110011
100111010110100100
100110111111001010
110011001001100000
111110001001101101
110011000100011000
110100111010010001
101110100101010010
100001000100100001
110010001000011001
111100111010001000
100001111000101000
111110111101001010
111100000001010111
101110100101001110
100111011101100111
100111101100101001
101010001001111000
101001100111011000
111010101110101011
101011111110000101
111101101001101011
101111100000010100
101001110111100111
111101100110111110
101001011110000110
100010101100111111
110111001011110000
100111001000100100
111001100000000010
110001111101001010
101000011111000110
110111001011101100
101001011110000001
110110100000010011
101111010110110010
110001000000100101
101001110001000101
111001011110001000
111100000111001101
110010000101010000
110010000100000100
110011110000011011
101111000110110011
111001010111010111
100100110011100000
101000100110101110
111101110101101001
101100001010101101
101101011101011110
100101011111110101
100110100011101000
100111010001110101
101111101001110101
110010100111110111
100110000110101100
100011101011011011
101001011011010010
100100000101100110
101010001000101100
101010111111001000
101001001110100011
111000111010010011
110011010111001111
100111101010001011
110111111101100011
100010101000001011
100011010110011010
101001100101100110
100000000011010110
110011011011101101
000100011001011110
111001101110111101
100101100100001011
110100011111001010
111011010011011111
101010001110000000
100110000100000100
110100011111010110
100000000010111100
101001010100100111
101011111010010110
110011001100110001
110111111100000100
110001001101110110
101010110000111101
100011000000100111
110110001010000110
110000100000010011
110101111101110001
110001010000010000
101011000000111110
111001010010011011
111001000001000010
100011010110000000
111001010101000111
101101100001010001
111001010100110100
100000111100111010
110000101111100111
101000110100011011
110001000010111111
100111000101000001
101110100110110101
100111100100001110
101011011011111100
110101001001011100
101011000111101100
110111100011100110
111010001011101000
111000110001001010
100011111111101100
111101010011101011
110100100100000100
100111010001100100
111000100001000101
110100110100011000
101001001101100111
110010010110100101
111100101101001010
101111111010001000
101000001101000111
110111000000001011
100101011100011000
110000100010101000
111001111010000100
101000101011001011
111001011010001010
100110110000000101
100001011000100101
101000101010011011
111000101001010110
101000111111010110
111110001000001010
101010110010101000
001011111000101101
101011101001011101
101101111111100001
101100111111101101
110001010101100111
101011011111110000
100100001010011001
110111111010101000
101111011011010111
101000101010111011
110010101001000000
111010011010011011
101101100010110110
110001111110111110
110000111110010000
110100111010110111
100100100000001101
110100010011101101
101010010111110110
111001110010001010
110110010000111011
110000101110010001
100110100010100101
110010010110111101
110001101010100000
110111001110001100
110101000000001100
111101010101000100
111101111111101110
101011000001001110
101010000111010011
111000100000101111
111101100011011111
101000000011100001
101101010110100111
101111000111000101
101011000000011011
111111100011110101
101101010001011101
110001001001111101
100001011011011001
101111110110001011
111010100111100100
100010001110110101
100000100101001111
110110010001110110
100111101000100110
101011110010001011
101000110000111011
110100100110001111
100011110110001110
101101010001100101
111001100010111100
110100011000101111
110011111011010111
110100001100011000
101100111011010010
100110100001011001
100101100011101010
100010100100100010
110001001000110010
100100110010011110
110000011011101010
101010101011000001
101001110010110001
101000001000011110
100111010010011000
111100000001100000
101010010110101011
101001101001001010
100111111001101010
101001001011001101
111001101111010111
100100000100010010
100110001011100111
100101101000101111
101101010111001101
110000111111011100
101111011011010110
100000010000101010
110111000000000100
111111011010101010
111011001101101101
101011000000110100
110011111101001011
111000110100110011
101101111111000001
101011000100011110
110100110100111111
110110100010011000
100100100001000001
110111010110101010
100101011001010101
100010011011100101
100010101110100100
110111010111010110
111111011000110101
101010100010011001
111111100001101110
110001111000110110
111001110011101110
100001101000111100
111101100111100011
111011100010101011
110000000010000001
101110111010011101
111001011100101000
101000010000000000
110100011110000001
110010000010000011
110100101000000110
110110000001010110
110011001111010010
110001011100110001
101100110011111111
101111110000001110
101011101101000000
110100001110000000
111001001001011001
101101001110100110
110100100010110011
110000000100110000
100010010011000001
110000011110100010
100100000001100001
101100101001111011
101011110010101011
011001111111001000
100001000001010111
111010111000110010
111010111010001000
110011101010000111
100111100110101110
101001101011011001
101111111001111001
100101011001100000
110100001100111000
111010001111110001
100110000100110010
111111001101110111
101000000100011001
111001011101111000
100001010010000011
100101100101000001
101100010001000111
111010000100000010
110011000101000011
101110100100010101
110000110010000010
101010010010000010
100001000100000100
111100101111000001
101000011000011110
101001001100000100
101010100011100110
111111011000000101
111011101000000001
100101111011111011
110001000100101001
111010110011110100
110100110101100111
111110000011110001
111000001001010110
111101010010010100
101010101011000000
101100100001001011
110101011110111100
110011101100101010
101000010101001111
100000010101010110
101100111110100010
100001111111111011
111101011001000001
101111110100010011
111010111101011001
110010011000110110
100100000011010000
100011010111100011
101110110000101100
101111101010011011
110000001101001000
110110000100110110
110011110000110000
111011011011110000
101001010010001111
101000100011101111
110000011110010000
101010110000101000
101100111101111101
100101000001000011
101111111101111000
100011010111111111
110001110011011110
110011100111001001
100110000111110111
101010110010100100
110010101100000000
100110101010101100
111100010000101001
111010000000100110
110111001011000111
111100000101100100
110011001001001000
101100101111011100
100100111110110101
111111010010100010
111111001111101000
101100001000001001
110010000111111111
111100101111000110
110110101010011110
100111110110101100
110101101001111000
100111101110001011
101000000110100001
100011101011101100
101111100001101000
101011111101101010
101011101111010000
111011101010101001
111111111100110111
111110110111000111
111010000001001010
101111100110001000
101001000010100100
111010101011110100
100110001010111000
101011101101101011
100101010110110001
111110111000110001
111100011000001000
110001111111011011
101001001110010100
110101100000001111
111000110101000110
110111110101000100
100010010101111010
100010010001011010
111011101011111110
100101110010111100
101101100011010101
110100011001001101
101000110010010011
111000101111111010
100100011111101011
111100111111000111
101100100001100110
100110000010011111
110000011101111100
110110000101111010
111011010001111010
110010001110011001
100001100111111010
111001010010010100
100000000100000110
101100101101100010
110110111011110000
100010110010001110
100110010111101010
100000101101111111
110011111011100110
111110000011100010
101001001010001100
101010010101001011
111001001100101011
101000110011101111
110100110010111011
111001010100001100
101000110101110110
101100011110111101
101100011110100001
101111100010111100
100101101011100010
110101101110010101
101101011100101110
100111001101011111
110110110100111011
101100101100101101
111110010111000011
100110011111010001
111110010101011110
110100111010111011
110011011110110010
100110111111100000
100001001010100110
110010100100111111
111111010100110110
100010110001011001
111011011111110100
100011111001111101
101100010001001000
100110101011011101
111000010000001101
100001110100101100
110010011010001011
111010001011100010
110001011001101101
100101101001010110
100101000011010000
110010011111110011
110100011001011011
110010000100100101
100011111011100001
101010101110111001
100110101111011111
110111100101000110
101101111101010000
101010110101111000
101100110000011110
110111000110100110
101111110000000001
110010011110000011
111001000101101101
100001010011001100
111010011101101010
111100111001000110
101011000100101000
100010111001010000
100010110000101110
101100101100111000
100111000110101110
110100010100110000
100011000000101101
111111011010011110
101011111101101011
111010011010001000
100000000011001011
110101110110111011
111001101001110010
101001001100011011
100110101010111100
111101000010101000
111111101000000101
111101001010010000
101101110111100010
101000011010110001
110011100010000001
101011000010101011
110100100110100001
100110001001011101
110010011101001000
111110100110001101
111010001010001110
100010001110011001
111111001010011000
101001100101001011
101000111001001011
101111110101000100
100000100000011010
110011000000010011
101011011100100011
100100011100001011
100110101101000100
100100000100010100
101001111011011000
101000011001010110
100001000011111001
100101010000100000
110000111001100000
100000101000011010
100101001111001011
100001100101100111
111001111101110111
100011110001011101
101101010011111100
111000101000011111
100000110110100111
100000000010000011
100110001000100100
100011101000010101
101100111110100100
101011011110111001
101001010000111001
111010010111101010
110111100011011100
101100101001001111
101111001101111101
111001010011100011
110111010110101111
101010111100100101
101111001010011111
101110111000000010
100000011101111111
100100000110111100
111001001010101011
100011110100001110
100001001111011001
110010010000010110
101010111010001010
101100110111001111
100110110100111000
100101111111100110
100101000110001101
111111100111110000
100100101101110010
110111011101000011
100011000110111011
110100110101010010
101100100000101100
110110100011010101
111000010101001100
110101111111010100
101100100001000110
100010111100000000
100101000001010010
110100010101110101
101100111101110010
100111101011011001
110100111001100101
100111111110010100
101101111110100001
110110001001001111
100111100001001000
101110110011001100
110010111101100110
100100001000001000
111111110101110001
111011101110111100
101110010100110000
111001100000111100
110101100101101101
100011101101101001
110101100101100010
111100100111001000
101101011000001100
110010001010101010
101110111100110110
100000010000001101
100010011001111011
111110111111000100
100010111000001001
101101001111110101
100011101100100001
110101001111111010
110010000100100011
111010001110100000
110011111110111010
111011001001011100
110001011101010001
100010010110111111
110111011111111111
111000011100101000
111100001101110000
111101101100000011
111110100111011101
111010011111010000
111010101110101001
110100101010110011
110110100100101101
101001110110010101
100111101101011011
100110000011111110
100001111000010010
111111010110001111
110011011110001011
111100111000101101
101011110111010100
100010011100000011
101010011100101011
111010010001100010
110010110111000000
111101101111101010
101000000000010010
111000000111000001
100111010111110010
110010001101101000
101101000000100100
111011001010001011
111010111000010110
100100101110000001
111000011100111011
110100111101100111
110110110010011101
100011000101100011
100000010010000001
110000011111001000
101110110110001010
110001011101000100
110100000011010011
101101011001000100
110011010011000100
110001001011011000
101100101000001011
111111110111000100
100010110011000101
110101110011010000
111001111110110111
111001011011111101
111111011110111111
110011111110111101
111100000101100111
111111110011110010
101100101100111101
110101000100001100
101011111010100010
101001111011001000
110000001101000010
110111111100110000
100110111010001101
111100100011100011
101110000111111010
100100001001101000
101010000000111010
110111000110010010
110110110000000100
111011101010101111
111010000111111000
101011111110001000
110000111000100000
101011000010101001
110111111001011001
101011011000001101
101110100110001111
100000011010001001
111111000011110001
111110110100010100
101011110011010101
100011110101101101
111100111000001110
100100100011001010
110111100011010110
111111111111100001
101001101000111001
101110010001001011
110101100000001000
110011111100001011
101011001010101100
110100101100010011
101110111011010001
110101010010111101
101101111011011010
110101100111101010
100110011001101010
111000100110101111
111100001011011010
111100100101010001
110101010010011001
110010001000110011
101010010100000011
111000100110110011
110011010111010011
101011111100011000
100011101000110010
111110111001110111
111001100100001010
101101011101011111
101011000010011011
101001111110000110
110011111100001001
110110111011000000
110010101110100111
111111100010101100
101111000001111110
101101100101010010
101000111010000001
101101010100011100
100101001011101101
111101110101111111
101110101011101000
111100110000100110
100011011111011110
110110111111100000
101100001101110011
101101101000110111
110010000101001101
110110110100100101
111010001001110111
101010101101101010
101001010111111111
110011010100100100
111001110101000111
111111000101010001
111000100010101110
111011001001100001
100001010011011010
111010000010001011
101001010001100001
111000101110011001
100100001000001110
111000100011001110
111100001011010000
110101001110110111
111000000010011111
101010010111011010
100011100010101100
100110100010111010
101110100011111110
101110100101111101
100101001000001001
101111111101011110
101010011001000001
100010110110111111
110010111010010010
100000010110011011
110011110111111101
100011110010000001
101100010100110111
111110101110001010
110011110110110000
100010000010101110
100101100001001111
111101000100111001
100110010011001001
101110100111000011
100100010111001110
101110111111000001
111110000011111000
110110010100111110
111001111010110100
100001000010110101
100110101110101111
111101110000010101
111001010111000111
100011100100001011
111110010100001111
110000101010011110
100110111000000111
110010010101011111
111010010001110000
101001111101100000
111010011010101001
101101000011000101
100111100001000111
111001001111100100
110101100101010100
111011001010110001
101010011111111101
111101000110001011
101011110001110110
110101011010100111
100101111000001101
100100010101010101
111110101110100010
111111010110000001
101111111100010011
111100001000000010
100010001101010100
111000100100001100
100110100000101111
100100011100110010
111010110010100011
111111000010011010
101101100001101101
110010010110100010
110000011110000011
101100000100101001
100100001100101011
101110100111101111
101111011100110110
110010110111110011
100000110111011101
110110111111001010
100001010001111111
101111110110100001
110101100110000000
101111100111010001
110100010110101001
100111001111001101
100000000000010010
100110010001100101
100010000110011010
111010111100000111
110011011100111000
101010100000000110
111001011001110000
111000100100101001
111101011001001101
111000011011101001
101010011100001100
101001010110110001
101101100110011011
100100111000110100
100000100000110000
110010100101110010
100100000010111100
101001010001001001
100100111001001001
110000100110000011
100010000010001001
100100101000000101
101010101100001110
100010100110100100
110001110111010001
101010110011110101
100001111101101110
110101100010000111
110010111111011110
110101001011010011
110111110011111111
111001010110101101
111100000011101000
111001000011111110
111010001100001000
110001111011101011
111010001110011101
100010001011111110
111110011001111100
101001111010110000
101010011010001100
101000100100011110
101111100101001100
101010011011000101
111010110101101110
110000000000100100
100000101010111000
111111100001000100
110101011100111101
110100110011000000
110011000111011001
100000011100111100
100101000000010011
101111110001010110
101011010011101111
100010100001010001
101010000111101100
111000101001001010
111100011010011101
111100100100110001
111001110100010110
110001000111001101
100110010010001010
110000111101100111
110011110010010010
101101000101101000
110110010001110000
101001101011010010
111000001010111110
100100110101100010
110100000110001100
100100110110001001
110110101111000000
110000011010001110
110000011100101101
100010010011011110
110000111000101001
111110110001000011
110100110010001001
110101100111110101
110101111110010000
110000100000100000
110011111000011011
111110011111011101
110110110000010111
100000101111001110
110001101111110011
100001000011100110
101000101001101101
111001000011001011
110011101111001001
101100011110011011
111011011100110101
101111111011111010
100111010001110100
101110111010001100
101111010101110110
100111110011001011
100100000010100000
101000010001010100
101100101101000101
110000111010000001
111011011010100011
110000101010010001
111100001001110011
100010100010001011
111100000000101101
101110010111011000
111101101100010100
101100110011000000
100100001000011100
100001101101100110
101110101001000100
101111111101110000
111111000100001111
100001011011000110
101110100100111101
101100011010100011
110000010000101111
100011111001100010
100110101001011011
101010111110000110
111100000110001101
101110011101000110
110110100010011001
111110000100001111
110110100110110111
111001101010010110
100111111000101011
100010100100000110
100111011010101011
110010011110111111
101101011110010000
100100101101110011
101110111011100111
110101111110011110
101101101100000100
110100101110100001
111011110001101000
101001010000001000
111101001100100111
100110110000110100
101000000000101001
111011110111111100
100100110110010100
101111110101010110
101010011000000010
110001001110100110
110001111000101010
110001111001000111
110010110000011001
111110100011101111
111010101101111000
101000111010000111
111001011100111110
101000101000111111
111010011010010101
110111101110011010
110101100110010111
101010111001101001
100110110001111101
111001101101111111
101011101001000111
110101011100110000
101000001011101101
111001010011001011
110011010100101001
110100010000101000
110010010111110101
101000010110110100
101111101101011000
101000101001000111
101001101011100011
101110011010101101
101010111110100100
111001011000001000
111001110010010010
111111000000101000
101111001110001111
111100100100101000
100001110110011011
111010111001011100
111010001111000000
100101001100000100
111100111110000100
100000010011001110
111010001111000100
111110110111001001
111001100011000111
101100010101010100
101011001100010100
101000110101010000
100101010010101100
100001111100000110
111010111110100001
111111101000101110
111101001110000110
110101011100100010
100111101001010111
111101110101101110
110111111010000110
110110000000110010
100110010000101000
101111101101001110
110001010000000001
101100101011111011
110111110011101100
110100111101101101
101011011111100101
101000110110101001
110111011111100100
111010011101010100
110011011000100100
101000010101111111
101100011101011000
101100110001011010
100111000110100000
000100011001011110
101100101001001010
110100110111010111
111001111001101101
100100111101101100
101101101001110000
111010111100011000
101001000101011010
110111010101011000
111010100001110010
111111101101000010
101001101101011110
110110110111111110
100000100101011000
100001011111100011
111111111001010000
100111100000111111
100110010010100010
101000011000010000
100110001010001001
100101011000010100
110000010001101110
100000011000000010
100101000111010001
110011010110000001
111000110110010100
101001110101111111
101011001010110111
110110011111000110
100010010101010101
110000111001000000
111100101100000100
101100111110010001
101111101001010111
100011110010011000
100001110001101000
100110011110111001
110100000000110001
111010001100000001
100011101000001101
111010001010101000
111001110010000101
101100111111000110
101101101101001011
100111000010001101
101000100001001101
101000111110011101
111111011010100111
101110100111010100
100100010100001011
101101100111111101
101001001001101101
101101001101011111
110011010111100111
110001110001100101
110010100110011011
101010011101100111
100000001001100111
100000010100110011
111101111010110101
111001100001001111
100111100110101111
100011101001110011
111110101101000011
111011111100001011
110000101001100100
110010110110000100
110011111000000110
100010110000101000
111000110010011111
100011100110111101
100110111001001101
111110100001110000
100110011010111011
110111010011010011
110110111000100100
110100111010001011
100000110010000101
100100100110001011
100101001101101000
111100111010010011
111111100101000101
111010111010101100
100010000101101101
100001001010010000
110101101001100100
101010101110010001
100001000110110111
110010000110011111
100001001000000000
100001101100001001
101110011000001010
100000111100001111
100101000110000000
110011000101101101
111000010100010101
110010011011010011
101110100010001101
111111011010000100
101101011111101001
100110111011110110
110000110101100111
111110001110001010
110001010001010101
110011011000101001
101010001101000110
111111111011001001
101110010111000001
101011100000110001
110100101000001011
110011100010001010
110010101000100101
110010000001000111
100010110001001010
100111100011010000
111000010000010000
101110011110111000
110100010000100111
101100011100110001
111111011000100101
111110011001010001
110101011101001110
110000100111110010
100001101101001110
101110000101101101
100101011011110110
111101001011000010
111101000110011001
111110101011110100
110000011101010001
100100011111101001
100111111000000111
100000110010001101
100000001000101110
100100101001001001
101001100100100100
110011001010010110
101010011100001101
100000011011111110
100101000100101101
110000110011100000
111010010101100011
111010001101000011
110000111001111111
100101001001110111
111111000011000101
111101111001010111
110101101100000010
101101011011101010
110110100010111100
110001010001000110
110100010010110100
100011010101000111
101110111010101100
111010110000000011
101001011111101111
110110110000011001
100010011101111100
111101000111010000
110110100101100001
100001010111110101
111100011000010011
101100010011100011
100001110110001101
110100011100110010
101111001000011100
110000011000000000
100101011111000011
111110000001101011
110010010111100101
100100001010010011
110000010001001100
110001010000111111
100000000000100100
100110101001010101
100000101100110110
101011110011110110
110100011010001110
100111011101011101
101101101010001101
110100111100010110
111111100101011010
111110110100010011
111000010111001101
111001000110010001
110011110101101000
111000010111010010
100100111000101001
110011001111110101
110000000100100010
110101000111001100
100101100111100001
101110010110111101
111101100001101110
101011010110010100
101011110001000011
100011111010011101
110010000100101100
