110101100000000
100000000101011
100010011110001
101011100110001
100100111100010
110011110110001
100001010110000
100000010101100
110001001101101
110101110001101
101111010010010
101010110000000
100111100111011
101011000101011
101110001000010
100111101001001
100010101100000
100000101011000
101110101111110
111001111001101
111110100100100
111010011101101
110011100000101
111110011101100
101111001110110
111001110010111
111100010000100
111010111010011
110011110001000
100111000100001
111100111110011
100101011000000
111101011111100
101001111000100
111101001100011
110111001100010
100000001010110
101110011101111
111100111011110
111000100100011
