111101011111100
111100010000100
111101001100011
100000101011000
100111100111011
100100111100010
100000000101011
110001001101101
110101110001101
101111010010010
101011000101011
101110001000010
100111101001001
100010101100000
111110100100100
101110101111110
100010011110001
111010011101101
110101100000000
110011100000101
111110011101100
101111001110110
111001110010111
111010111010011
110011110001000
100111000100001
110011110110001
111100111110011
100101011000000
101001111000100
101110011101111
101011100110001
111001111001101
110111001100010
100000010101100
111000100100011
100001010110000
100000001010110
101010110000000
111100111011110
