0000000000000000000000000000000010
0000000000000000000000000000000000
0000000000000000000000000000000000
1001111000010111010000000000000010
0000000000000000000000000000000000
0000000000000000000000000000000000
0000000000000000000000000000000000
1110101111110001010000000000000001
1000101100111011100000000000000100
0110011100111101010000000000000010
1100001011100100000000000000000010
1110001000010001110000000000000001
0000010011111011010000000000000010
1110100110001100110000000000000001
0000010101100001010000000000000001
0011110011101110010000000000000001
0010011110001010110000000000000001
0000000000000000000000000000000000
0100111000111001110000000000000010
1101000101101110000000000000000010
0010110100001110010000000000000001
0010010111111100010000000000000001
0001001111000001000000000000000010
0000100110001110000000000000000010
0001010000011000000000000000000011
1111111011111101100000000000000001
0000000010101101000000000000000001
0000000000000000000000000000000000
1000100110110111100000000000000001
1010111000110101100000000000000001
0011011100111110000000000000000010
0000000000000000000000000000000000
0000000000000000000000000000000000
0011110010101101100000000000000010
0111101001001011000000000000000001
0000000000000000000000000000000000
0000000000000000000000000000000000
0101010010110011000000000000000010
0100101110110000000000000000000000
0011110011101110010000000000000001
0101100010101110000000000000000001
0111000100001010110000000000000001
0000000000000000000000000000000000
0000000000000000000000000000000000
0011110100100101100000000000000001
0000000000000000000000000000000000
0000000000000000000000000000000000
0001010110000001110000000000000001
0000011001011100010000000000000001
0000000000000000000000000000000000
0000010101100001010000000000000001
0001111101100011000000000000000010
0000000000000000000000000000000000
0111010111111010100000000000000001
0110110100011111110000000000000011
0111000100001010110000000000000001
0000000000000000000000000000000000
0000000000000000000000000000000000
0000000000000000000000000000000000
0001001111000111010000000000000001
0000101011000100100000000000000000
0001001111000111010000000000000001
0000000000000000000000000000000000
0000000000000000000000000000000000
0000000000000000000000000000000000
0000000000000000000000000000000000
0000000000000000000000000000000000
0111100101011011010000000000000010
0000000000000000000000000000000000
1111010010010010010000000000000001
1011010110000110110000000000000011
0000000000000000000000000000000000
1101001110110101100000000000000001
0000000010101101000000000000000011
0000000000000000000000000000000000
1010100101100010010000000000000010
0110100111010110100000000000000001
1001110000010101100000000000000001
1111001110110001110000000000000001
0111100111011000110000000000000001
0000000000000000000000000000000000
1111001101111001010000000000000010
0000000000000000000000000000000000
1110001000010001110000000000000001
0000000000000000000000000000000000
0000000000000000000000000000000000
1101011101001110110000000000000001
0000000000000000000000000000000000
0000000000000000000000000000000000
0110001000100011010000000000000100
0000000000000000000000000000000000
1101101010010110100000000000000010
1001111011000110110000000000000001
1110011111001111100000000000000001
1110010101011111000000000000000000
0000000000000000000000000000000000
0000000000000000000000000000000000
0000000000000000000000000000000000
0000000000000000000000000000000000
0010011110000010000000000000000010
