1101001111010000000000000111100001
1000100000101000000000000111010110
1100010111001010110000000111011101
1000010011001111100000000111011010
1101011001011001110000000111100001
0001100111111100110000000111101010
0100110110101111100000000111010010
0100010111000010100000000111100111
1111100111000100110000000111001000
1100111110011001100000000111011111
1001011101110111100000000111001010
1111100001000111110000000111010101
1001001101110110010000000111100101
1101001001110000110000000111000001
0000000100001011100000000111010110
0010100000110110000000000111010010
0010101010100011000000000111001011
0001011111000000110000000111000011
1111111000011011100000000111010110
0110100000001100100000000111001100
1100100011010010110000000111010100
0010011110110011110000000111000011
1110111110011110000000000111011100
0101110110011011000000000111011001
1000100000011010000000000111001000
0111100000101001110000000111011010
0110000110010110110000000111011001
1000010001111000010000000111100110
1001010110000100110000000011111110
0011000111000100010000000011101000
0110011111111101000000000011110000
1101011011010111000000000011100101
0011100100011011000000000011011011
1101100011101011000000000011110100
0101011100110010110000000011011110
1101011110100000000000000011101111
0010011011111110000000000011110110
1111101010011111100000000011010001
0100110011010000010000000011011101
0011110101111111010000000011100010
1101010111001010000000000011100001
0101001001011011010000000011100000
1011001111000011100000000011100010
1010000000011000010000000011101011
0011111001010101110000000011011000
0010100001100100000000000100000110
0010111010001100010000000011110000
1100011010100011100000000011101010
0101111101100011010000000011100111
1011111111011101010000000011101010
1111111001100001010000000011100111
0000111111001110110000000011110001
1011111001010101010000000011101111
1010011110001100000000000011111011
1001000001010111110000000011011111
1100011011100011100000000011101110
0110111011001111110000000011110100
0100010100000100100000000011110000
1101010110000100100000000011011001
1010101011100011100000000011110010
0011110110000110000000000011110000
1010010110111111000000000011110011
1110010101101000100000000011101000
0001001001000010000000000100000101
1110100111110011100000000011110000
0001010001111000000000000011100111
1001111010011100000000000011110100
1010110001010100100000000011011101
0101101001001100100000000011101100
1100000001110100100000000011011011
0010101110110010010000000011100110
1100000010110001010000000011100011
0100000010100110010000000011100000
0110000111100001010000000011110101
1101110110111110000000000011011100
1010111000110101100000000011010011
1001110101010011010000000011101110
1100010011001001100000000011101000
0110101011110001010000000011110010
0101100000110010110000000011100011
1010010011101000000000000011100111
0101111010001110110000000011110100
0100010111010011010000000011010100
0000100001110001100000000011111001
1101000111010010110000000011100010
1011010100110111010000000011110100
1011011111001100110000000011101101
1001101101000001100000000011101111
0001101000100010010000000011100001
0100001111110000010000000011100010
1101001010100111000000000011111011
1000000100011111010000000011110100
1100101001100001100000000011101100
1111010000000000000000000011100001
1100101111010110110000000011011010
0110101000010010110000000011110101
1001111000101000000000000011101101
0001101100110110100000000011101110
0001011110010111010000000011110101
1000101000110101100000000011101100
