1101001111010000000000000111011111
1000100000101000000000000111010110
1100010111001010110000000111011101
0001101011011000110000000111011100
1101011001011001110000000111100001
0001100111111100110000000111101010
0100110110101111100000000111010010
1010111000110011110000000111101000
0111001011111111010000000111001100
1010100010100100110000000111100001
0101010110010011100000000111001100
0001101001010110000000000111010110
1001011110001101000000000111100111
0011101111111100000000000111000010
0000010001101010110000000111010101
0001010011011000010000000111010011
0000110100101001110000000111001100
0001011111000000110000000111000011
1011000000100010010000000111011000
1011100101100010100000000111001110
1110010111011100100000000111010101
0000001001001111100000000111000100
1111110001011111000000000111011110
0101010000010101000000000111011011
1001110000000010000000000111001011
1000011011010100010000000111011011
0110000100111011110000000111011000
1000010001111000010000000111100110
0001110000110011010000000011111111
1001111111110001110000000011101001
0101000011000011000000000011110010
1101011011010111000000000011100101
0011100100011011000000000011011011
1110010001000110100000000011110110
0010110101111001110000000011011111
1101011110100000000000000011101111
0010011011111110000000000011110110
1010111000101100100000000011001111
0000011101100000010000000011011101
0000000110010001000000000011100011
1000110101100100000000000011100000
0010001101010001100000000011100001
1011001111000011100000000011100010
1010000000011000010000000011101011
0000001101110000010000000011011001
0010100001100100000000000100000110
0010111010001100010000000011110000
1101001100100010010000000011101001
0101100100111111000000000011101000
1011111111011101010000000011101010
1111101100000000000000000011100110
0001000010101101110000000011110011
1011111001010101010000000011101111
1101001001110110100000000011111100
1111110101001000000000000011100010
1011011111101001010000000011101111
0110111011001111110000000011110100
0100010100000100100000000011110000
1101010110000100100000000011011001
1011100100100100110000000011110011
0011011101000010100000000011110000
1011011001111000010000000011110100
1110010101101000100000000011101000
0001001001000010000000000100000101
1110100111110011100000000011110000
0001010001111000000000000011100111
1001111010011100000000000011110100
1101010100001111110000000011011111
0101101001001100100000000011101100
0011010011100110110000000011011100
1001111000110100100000000011101001
1100000010110001010000000011100011
1001001100010011110000000011100001
0110000101001100010000000011110010
1101110110111110000000000011011100
0000011101010111110000000011010001
1111010010000101110000000011101101
0101100011011100000000000011101001
1001100101000000100000000011110011
0010000111101010000000000011100100
1010010011101000000000000011100111
1010110111110111100000000011110110
0100010111010011010000000011010100
1110101001100000010000000011111010
1101000111010010110000000011100010
1011010100110111010000000011110100
0110000010000010000000000011101110
1001101101000001100000000011101111
0001101000100010010000000011100001
0010000111010011000000000011100110
1101001010100111000000000011111011
0101101110001001110000000011110110
0101010010100111010000000011101101
0001001111001111100000000011100010
0010111010001001110000000011011010
0110101000010010110000000011110101
1001111000101000000000000011101101
0001101100110110100000000011101110
0001011110010111010000000011110101
1010110110110111100000000011101110
