100000000101011
100000001010110
100000010101100
100000101011000
100001010110000
100010101100000
100101011000000
101010110000000
110101100000000
101011000101011
101110101111110
111101011111100
111010111010011
110101110001101
101011100110001
110111001100010
101110011101111
111100111011110
111001110010111
110011100000101
100111000100001
101110001000010
111100010000100
111000100100011
110001001101101
100010011110001
100100111100010
101001111000100
110011110001000
100111100111011
101111001110110
111110011101100
111100111110011
111001111001101
110011110110001
100111101001001
101111010010010
111110100100100
111101001100011
111010011101101
