111101011111100
111100010000100
111101001100011
100000101011000
100111100111011
100100111100010
101101001101100
100101101000011
100100101111111
111111110111111
100000000101011
110001001101101
110101110001101
101111010010010
101011000101011
101110001000010
100111101001001
100010101100000
111110100100100
101110101111110
100010011110001
111010011101101
110101100000000
101111101011011
110011100000101
111110011101100
101111001110110
111001110010111
111010111010011
110011110110001
111100111110011
100101011000000
101001111000100
101110011101111
111011110101001
111001111001101
111000100100011
100001010110000
100000010101100
101010110000000
100110001001111
110111001100010
111100111011110
110011110001000
110011100110111
101011100110001
100111000100001
100000001010110
110111000101110
