101101000111011010
110100101000101010
100001011101001011
100000101100111011
101101100100000100
100110110100010110
111010001011000000
100111110100111011
111000110101101111
110100010001000111
100110101111111001
100100000101111100
111010111100110101
101000110011101011
110011001111010100
110000000101010001
110111011111001010
111100011011011011
111011010101110111
111111100110101000
100100111110001011
101100010110011001
110001010110010110
110110111110101000
101011111000100100
110110101010010111
101111110100101011
100111011001011000
101101110000101110
111000100110010010
111110000010010001
101010111100111001
110010110110010010
100010101100001010
111011001111000011
100110101110010001
111010111000010010
111010011110100001
110010100100000000
111001111111011010
110001010010100011
110111100100110110
101001110100000010
101000011111111001
110000101110100001
110010111100011011
110001011010000011
111000000000101101
110001011100001001
100111011010110110
110011000011100110
101101101010110011
111010001000100000
111001110100100000
100011100110100010
110001001100101101
100010011001110110
101011011011000111
101111111010100101
111101011011110111
110001000001000111
101011010000000111
110011010010101100
110100111100000100
101101110010000010
100110010111100010
111011100100011001
100100110111101001
111000011110110111
100010101000101001
101000111101011101
101000001001101110
100100001110000011
111001111011111011
110110100011010010
100011010110001110
100010111000100000
110110010011101010
111100010111001111
101000001111101101
101100111111110100
111100110101110000
110001110100101001
111111111010010001
100010011100110111
100001000101110011
110011001111110100
100001111011010001
111101000101111100
101010001101101000
111110010010010100
110001100111110011
100010000001010000
101011000000001001
111000110010001010
100000000100011110
110100011110001001
100001001111111101
101001011011011000
100100110010010100
111011010000111010
111010001111111111
100000011000010011
101001110111010010
100000111110101110
111111110101000111
111111010010011100
100101000111011010
100010100110001011
110110111001010001
111111001000111000
110000000010100111
111110000110000100
110111011111111010
110011100011001001
100110110000100110
100111100000010010
111100100101001101
101101001111100011
101001110010000000
110110001111001111
110001000111001000
101010110001100111
101010000110010111
110100110010010010
111010011100111001
111100001100110001
101011001101001100
111001010110001010
101100100010100100
110001011100001111
101011000100111001
110010000001101111
111010100100110011
100111001111000000
111000100010000011
100010001011011110
110010101000000110
101001011111110010
110101101011001000
100000111110000010
111100110010000101
110101011101011000
100010010000000111
101110101101101010
100010101100010101
111111110000000011
111001111001010010
111111100000010011
101000010010011110
101001001001011110
100010000000111101
101101001110010101
111001100001100101
111100101101001011
110011110001101011
100110111110111010
110011011100100001
100001110100011001
110011010010100111
100011111001100111
100000111100110011
110011111101001001
110110101010110011
100000101001111000
110100000010100000
100101000111111111
110001111010010001
111110111110101000
111100010101011001
100110110000001100
111100110111101110
100000111001110101
111010011000001101
110001010010100010
110000000000010011
110100010110001011
111110011101100000
110000010000111100
101001110010001001
111101011000101011
110101110101100111
111011010010010001
111000000101001111
100110100110001100
110101111111001101
110101101000000001
111100101001000101
101001101101110001
100110100110101100
111100011000001110
110100101101010110
110101111000000110
101000100110000110
101110100110010111
111100001110101111
101010000111101100
110001001000111010
101011110101110110
110101100111011100
101101101111101110
111111001000000100
100011100000100101
110100100011100000
111101101000011101
110000010000001111
110001010100010011
111101110101100010
111101011111110010
110110011011010100
100000011010100110
111000010110000001
111111001000100011
100011110001101111
110011011110111011
111100011101001101
111001011001000100
101111001111111100
110010000010011111
100101111001100001
111011010100001000
111010010010001100
110100100000000101
111000111110101100
100111110001000100
110100110110101111
100110010001000111
101000111000010110
101010101100010010
110010111000011110
111011010101111001
100011000011110000
111100000111101011
100010111100110101
110111110011101101
110100010111011001
110100010011110101
110111001110001101
110111111100111010
101010110101111101
110010011011110100
100000010111011010
110011001000010101
100101001011110101
111000011000000100
111110101101000001
100111110111000111
100110111101101101
100001001110111110
110100001010001101
111001110000100001
101010110011111110
111111000010001111
110110011010000101
101010110010100000
100110110000111101
100111110000010010
110110110100100001
101001101100001110
110101111010001111
111100000010100100
110010000001101101
100011111111100111
110101100011001110
111010111010101000
111101011101000001
110011111111011100
101011001000110111
111000000101110001
100000111000000000
101101001000011110
100010101010111001
101010010001111101
101000011011000000
110101111100000011
111011110101111000
100000000010100000
110011101011000001
110010111100101101
101000010010010100
101100001000100110
111100000010001010
101001011010000110
100010101110001101
111111011101011001
100001010111001011
111100000100111100
110101100111110100
101100111001111100
110000110111011011
101110000000110101
100011111101110100
110100101000111110
111010110011010001
111001111110010111
111000101000100001
110101100111110000
110101011010001100
100010011011001010
100101000110010100
101111110000101111
111100001110000001
101110010111101010
100011100011010111
100111101100100000
111100100111111101
100101001101101000
101100110110001000
111111111110101010
111001101001010110
110010001010100000
110011010101100010
100011010010000110
111011001000101110
100110111111110000
110001101110101101
100011100110101110
111001000111111100
111001001100001010
100000100011110101
100000001010110001
110110111111011111
110101100110010001
100110110010010111
111010000111010001
110001110110001010
110110010110001101
101100111101011010
101010001101000010
100001001111010111
100111011101001010
111100100101010100
111011010000010000
110000100100101110
101011010011011110
100101001110011111
111001011010100001
110011100010101011
100000100010110011
100101100100000101
111000000001101100
101101001000011101
101101110110011000
101101100011101101
100111011010100100
100000010000110110
100111000110110111
111000110111011000
110001011111100110
101001111110110110
110111100111001001
101100001001011101
110001100110100101
110010111001011110
101011100010110110
111000101111010101
110100011001010111
101101011001101011
111111001100110100
100011010000101100
111000010111111001
111101010111000111
100101001010100011
111011100001101000
101000100110111111
101011010100110011
111001011000010100
101101100100100100
100100000101001001
110010011000111111
101010011001010001
110010011000001000
101001011110010110
100111000111100001
101011100000100100
101011111100000010
100011011000010001
101100100100111010
101000001111010110
111111100111101100
100001101000111100
111110001101001010
110000000111011001
111111110111011011
111100110001010100
110100011100010010
111100101010011100
101011111101110010
111010100100010011
111000010100000001
110001001010110001
111110001110110110
111010110111010110
101100101100000100
100100000000100000
100111001000001111
100110111100011110
100010011111000110
100000100110100100
101111011101111011
110001000000001010
101011110111101011
110101110010100000
111010001110110001
110010110101110111
100011111111001010
100100000100100001
110000000010001000
101111101110010011
111001010010101010
110100110101111001
100110100001000001
111101010001100010
101000110011000101
110100010000100010
110011010100101100
100100000011100010
110011000001101110
100111001010101001
101011010110010001
110011001010100101
100111000100011110
111010111101011010
110010110110100110
110100101001111000
100111101110111111
110010111000011101
101010010110111101
100101010000010010
101001011110110111
101010011010101001
100101001001111011
111011111000101101
100010000011110000
100111011110110100
111010000000100110
110011111101010000
100100001001001010
100110110111001010
100101101110011000
100100000000000101
100111111111010011
100111111000101001
111011100101001100
101000100001100111
110010100101110111
111101100000010111
101111010110001101
110001001101110000
111100100011111111
110011101100000000
111000000111100110
110111110001000000
101010101100111111
111111111011110000
100110001101101011
111110111111100000
111000111001111100
101110000001000000
100000000101000110
110100011001101001
100100001011111111
100000011100100001
101010100000110010
111101101111100010
100110111011100001
111000000001010011
100100101001011010
110011110101000111
110011111101110101
101011101001101111
110111110001101110
111001001101111001
101010010000100100
110010111010011000
101110011001000100
110001110110101001
110010010010111100
111001010100101001
110001101000100100
111100110001001010
100110011110101101
111111011010111101
100000111111101001
111001001100100101
101001111111000001
101101111100011100
111111110010101100
110101001111111011
101000001101000101
101000011000011010
101010010010100010
110010110001111110
100000001010100111
111010011101001101
100000001111100010
110100101011101000
101111111100111101
100101001001010100
100010111110010101
100011001001111000
111101001100010011
100000100000001100
111111001111010011
100011100000101110
110101101110111000
111111001111000101
111011000100110111
111001111010000000
111011111011100001
111110001111100110
101001001011101100
111111000011101110
111111010011110001
111001101100010000
100011010001101000
110100111100100000
101011111011101011
111010000111000111
101010011001111000
101100001000101110
100010110111011001
101110011010111101
101100010100011110
110100001000001101
100011010001110100
111010010011000011
101000000101101011
111101111001100010
111100101000010111
111011001110001110
101101010110100011
110010111110001011
101001100001001011
100001101001011111
111111010101000110
110010011001001101
100111000010010110
110010011100101000
100100110111010000
110101011011100101
110011001101011001
100001110111010101
110101010011011101
110001011100010010
100001110011001001
100111000011000001
111001111010111111
110011110011011010
100011011000110000
110101100111001000
101000011000101010
101111001001111011
101111011110001001
100111101000001000
111000001000110101
110011010111001000
110000111110011100
101001111001001101
110000010111110011
110100000011010101
110101011100001000
100000001001000011
111111110110110011
111101011101100111
101000000000010011
100100111101011001
111000101011100010
110000111010101101
111110101011111010
111111011111111100
100011001011000010
100010101001011111
101010000010111100
101111010001110001
110010000111110000
101011000011101000
100001001011010011
111101100110101011
110111110000110001
111111011011110010
110011000010011101
100100100101101101
100011001111010101
111111011100001000
111001000101000101
110001100100110011
111110110011000100
110010011110111011
111100110101011010
100101111001110110
101011101110111111
100110110100010010
100110110101011111
111011111101111110
101010110011111110
101010010001110001
110011101100101010
110110100000110011
111111010010100011
101110011011111000
110000010001000100
100110011110101111
110000100100101011
101011110010101011
111101110110101111
110110100011100111
110111100111111100
110010111100110001
110001011100011010
100001111110010000
100000000000101110
111000011000100111
111101110101010000
101000000111100001
111110101011000110
110001101001110001
110000101101111011
101011010001101110
111110111110100010
110110101111000001
111010001100101001
100000100110110000
100010010111011111
111010011001111101
110011101110110101
110110000101110000
100001000001100111
100010101111110010
110011110011010001
100001010111010001
100110101001001111
110101001010010000
110101110001100011
101000101110010011
111100010100101101
100011010011010010
100110111111101000
111111110010111010
101101001101100000
110111110110011101
101001111111111101
101110111101000001
100101011001010011
100000100111001110
101000101100100001
100001110011101101
101000000100101111
100000010110000001
110111111111101101
110010100001010011
111100100111110100
111101000000100101
110100110101000010
100000001010101111
110010101100010101
111010010110111001
110011101000000101
110001100110000101
101101010101011000
111110000111001100
111000010100011010
110010110100111111
110111001100001111
111100100100111111
111111101011110011
100101000101100010
101000101010100000
110001100101100101
110000111111000101
110100011111111010
100101111010101100
101100000001000011
111111110001111110
110011011011111101
111010011000111110
101000110101010110
110100000101010001
100010101011001001
100100111000110010
101001010001111010
101011000111010010
110001000010101111
110000110110001111
101111111101011110
110011110111100010
111110110110011110
111001111010101110
110010010110110010
110001000101000101
101010000110100000
100100101001100001
110110000110100110
111100111100110010
101100100101101101
100101011011000101
101011110001111011
111011011111011101
101100000000011010
111000100111101100
110000000000101010
100111000100000011
110101010110110100
110010111011100100
110011011000111010
100111010110010101
110011100000101111
110011101000101010
100101110010110100
110110001010101011
111000110000001000
111111101001011111
100101010101011110
111101011010110000
100010110111101011
110111000111101000
110010010010010001
101010101101110010
110010011110110000
111001011011100111
111011001100101100
110100100111101011
110011111011100011
110011101111100111
100000100010001101
100111101000010110
100110000100111100
110010101111101010
101001110011011011
100111000111101111
110011001001001001
101111100110011110
101101000001100111
100101101010110101
100010110000111111
101111111000011011
110001110110000010
100000011110010011
101101010010110110
100011001011000110
101011011101000011
100110000100001110
101110010100101110
101001111000001011
111100100001111110
101010001111000010
110111101000000100
110000000101001001
111011010101110010
100001011111010010
100000000000111111
110101110010100001
110100110001110000
110001100101100100
101100001101111000
101111100110001001
101010000000000011
101010011000110000
100010111101010100
111011110010000111
110010111010001010
111011110101011001
111110001000000010
100101001100010101
100111111010100101
100010000010000000
101011010101110111
110010111101101001
101101011001111111
111111000011101110
111101110011111100
100101000100010110
101001010010100100
110101110110110001
111010100111011000
100110111011000001
101100110110110100
111100101110110000
101111011000100111
100110011111001101
101000101010001000
100010110001000001
110000101101001100
100101010010111000
111111011001100111
101011101100110000
100011111011110110
101011100100001010
101011110010101011
111000100001010001
111111110111101101
111111000100000010
101110100110110011
110110001010100010
101000011110010100
110010101001110110
110101110100100000
101110111101001110
100011101000001110
101011011111100011
100000001011011011
110010000101010000
101001100011101100
101110001010001010
101100011010011011
100101001010001000
101010100000101100
101001100000011100
100100100100101101
110100101000000011
111001001100011010
100010000101100011
110010100100111110
110110000110100000
101101100000000110
111001010011001101
110110111001000110
111011100101110100
101011111110100011
111001111111001000
100011011010001000
110011111001111011
110000100011001010
111000100001100000
111100110010000010
111100011010011110
101000001111101110
110011110010000101
111011001100000001
110100011000000000
100010111101110101
100011101000101000
110110011000101010
101110101000101100
101100011010100001
101101110101001101
111100101011001001
111001000101100111
111011100110000010
101000011101011101
101000100010010110
101100000000000000
101011001101000101
100010010000110001
100101000100010110
100001011111011110
100010100000101010
111000110000101111
100000000001001001
110010110101001011
110100000110111000
110011111100011111
100010011000011000
110110011100000101
100100110101010101
101001010011100011
100000010101000011
101100001110100000
101111000010001011
101011100100000101
100101001011111011
100110011101011011
110000001101001111
101010100110001001
111000110110111110
100101001010110011
101111001100100110
100111011101101110
111110100111111011
101011010010110001
100101000100000110
110100001000001110
111100000101101010
110101111101000110
101111101110000110
111111001011111110
100100111111010000
111000110001001100
101011111110100011
100000100101110110
100011011110000000
101111000100011111
110110110110110100
110011100110000011
110001010110001110
100101000010000101
100111111011001101
101110101101010101
100010001110010111
111110010100010000
111101110111111100
110011011001001111
101011111101000010
111111111001000101
101101010011110111
111100110010101010
100100100100110110
101011100000100100
100001000100110001
100100010000111101
101000001010100011
100000011110110000
101001010000111101
100100101110111011
110011011001011011
110000100010010001
100110001011111001
111110001010000001
110100011001101110
110010110010010100
100110110010001101
101110010110100011
111000101011010100
101111000110110001
100111010100001101
100101111010011111
100110100001000010
101001110101111111
101001010011100100
101011111011101110
110010110010110101
111111101000110000
101111011001110000
101110001010000010
101001000110010000
111100111001000100
100001010011001010
101100100010010100
100110010010001010
100011110000101111
111111000001100001
111010000011100001
100100101110111110
110110101000110001
111100001010111010
100110110000100100
101010000100001110
100101111111111101
101111010010100011
111111110001101011
110011100101110111
100011101010101101
110101100010010000
111011011100011010
101001000101100100
100010011000010101
100101010111010000
110111111110110100
110111100011101101
110001010011100110
101101101010010111
101101010101111010
101000111011011000
110101010010001100
100000111101001100
101011000100000111
101100010111101100
111000010001001001
101101000000001111
110000110110001000
110011000001100110
110010011110100000
110110100111100010
101110110101001000
101001000111110100
101111001011101010
101011001010000010
111011011010011101
111010001111111100
100011010111001111
111000111110001101
110101010111100111
111100011110011100
100110111000110000
101101000110010000
100111110010111101
100010101010110010
110011000001111010
101011000000100010
101011111011111110
111000101000111100
110010101111000010
111001111101011000
111010111001101011
101111000010110011
111011001101011000
111101111001010010
101101111100010011
111110011110100010
111111000110000110
101000111010111100
111011001010101011
111111110011010111
100100011000011010
101100010110101011
110100111000000001
100111111101110001
100100101111011111
101001010101010010
101111111111001011
100010001110010111
111101101110100001
100000011001100110
111111011000011001
111000100110010101
111011000111110101
111000000001110001
111000011100011010
101100000011111110
100100000000011111
100000100000100010
111001000011000101
111001011100001101
110000111010010000
110110000101010110
100101000111110100
110111110000100111
101101100111100011
100100010101100001
111100001010100011
100000111001000011
101101110100101100
101001101011111001
101100111010001010
111000100011111001
101101101011101001
100001000000010011
111101101010000101
101110000010010000
100000101011110110
110010011010011100
110001000000101110
100111111101110011
111000010101011010
110101110000001011
111001011010100001
111001111101010101
100011001111101101
111100100100101011
111110101111101100
101101001000011111
101011011001110001
111001001000111000
101110100000101000
111011111100111011
101101100001111101
100011110100010001
110001111111001101
100001000000101111
101000000101011011
100001100010111110
110100110001011110
101001100111101001
110110001011101111
101011000101011110
110010000010001010
111101101001011101
101001011101011100
100001110110100011
110001001011111001
111001011010010111
101101000111011101
101101001110110110
100010101101101001
110010111011111001
100011111100001100
110000110111010001
100110101000011110
101111100110011101
111100111101010111
110001110011100101
101101001101011100
101111110101001000
101010110101100110
101111001110000010
111101111110000000
101001000101010101
100011111011100100
111011101011010010
110100011100000110
111001110001010011
101011010001111010
100101000000100011
100010101101110110
101101100110101111
100001101110101010
100101011001001101
110001100111101011
110010000100100011
101111001010100101
100011101110101111
111110001110000011
111000011101100100
110001010010001100
101011001101100001
101100100010100011
110000011111100010
110101011101110010
110010100000110001
101001010111101000
101100001100111111
110110001010001010
101000111111100000
111110000100000010
110001000011000001
100100000011100101
110100001111101100
110011101110111001
111110001000010000
110101110001111100
101111000101101011
101101000100010101
101011111110011000
101110000101011011
100110011010001110
110011111001110000
101011101011111101
100111000011111101
110011110000001110
100011001000000001
110001100001100110
100100100001110001
100001100110110001
100010000110010010
110100111110101011
111110001000101001
111001110001000100
101010001101101001
100011010001001000
101111111110111001
100110011011101001
101000000110101000
100010111011100111
101100001100010010
110110100000110011
111000101000010111
111100010100010111
111001111010100000
101101011000010001
101111110001001010
111101101010101100
110101100010011100
110110100110000010
110111111010011101
100001000010110110
111010101000001011
111111100101000100
100101011101111111
111010111111111001
100101001000011101
100110111001000101
100111001110111111
100011111001010011
110001011010000001
101010010011100011
110011101010001111
100100110001111001
111001000100010110
111111110100000110
110010000100010110
111000001011110111
110011011110101111
111010000010010011
111111101010001010
111110000110001111
111110110001000001
111000110101110110
110111111010110001
111000111011011101
100101101101011000
100100110000000100
110000010100101011
100011011110010000
100011100100000110
100111110111000100
101011111011010111
111100100000101111
111000010111110111
110100001010001000
111001000100101110
111000110101010111
111100001010010110
101010010001101010
110001110100100100
100010100101001011
101000101011000100
101101010010101011
100000101101111111
111000100001101010
111010110000000001
110001110011110100
110001111001110101
111111000110101101
100100100000000010
101110001000011111
110000011011010111
100110111100000001
111010101011000110
110001010010000001
110010011101110101
111101110010110110
111111110000001001
111010000000100010
101001010111101110
110111010011010111
111011000100001111
101010000000000101
100010011010010111
100110111000101110
100011000011111110
101010011001100000
101001001101111000
100111000101101100
101101111000010100
101101001001000010
100001011001100010
101000001001001011
111101110101100000
110000111010101101
111111001001000111
100010000000100010
100001011000000010
111001000101000001
111110101001100011
111110010001100100
100011110101001101
100011011101100101
101101001100111001
111001101111000001
100001100001000001
110000010000010001
110100011001001100
101100110000011111
100101100001100000
100001110101001000
111010010110101100
111000011101110111
111000100110100001
101100011110101011
100101101001111010
101111101101001111
110110111010001000
110111100001011101
110110001010110101
110110101110001000
111000011100100010
111110000011010011
100001001100110010
110010010110000001
101100110110100101
101101011111100111
100000101100010111
111111000000100001
101010100101110011
100101011011111000
110100010011110100
101101001110100101
100010110000100000
111011101101001010
101001111010101000
111001010011111111
111010011001011100
101000101010110100
100011101100011011
111001111101000000
110010010111001011
111110000000110010
110011100110001111
111000101110100111
101101000010000010
110010110000010111
100110000100011100
101001111000100101
101100011100000010
100111111111111011
111010001100100010
110011100011010101
111101011110101000
101011101100100101
110100010100011001
111011011101110001
110000000101110010
110111110011110101
110011001011001100
100011110000111001
100001000000100101
111111111111001010
110110001000001110
110101001110010001
110101111001110110
101011110101000001
100100101110000100
101011010101101000
101100011000001001
101001101100101110
111011100101101101
101111100110010101
100101000111000000
101000100110000011
110101100000111011
101000010011011000
100011100101100111
100101110011100101
110111111111001000
110101110100010100
111110100100111100
110100111111010001
100100101001110000
100100111110110101
111010111000011101
100100111010000000
101011110001111010
100001111110010000
111110011000010101
111010101001011011
110000010111000110
100101100010100011
100001101011110010
110000110101010001
101010001110010001
110000110010101010
110001101111010010
101111000001110010
110110110101011001
110011010011011101
110001010101011101
111110100110101010
111101100000010101
111000110001001100
110011010101111011
110000111111000000
101011000000101101
111101110110111101
110000001110011100
100010100011000101
111001001010010001
111101100101111101
100100100100000110
101111101001110000
101100001010110001
110000110001111100
110110100011111101
101010101001010111
110100011000011010
100010110101100101
100101100100010101
111100100100100100
111100110010101010
100011001111001000
111000101100101100
110000110101101111
100000011010110000
110011111100000111
110110101111010010
101010101110010100
100110000011100110
100000110000001011
101110110001100101
111000011100101101
111100111011100100
100110101101000001
100101111000111011
101100100011000000
100100011101101010
100101000111000001
111010101111001100
101101010111011000
110110100001100110
100100100011111100
111000101011100001
111110110101100011
111110111011001001
110100001000110110
111001010111010000
100110110000111000
111000010100010001
101011111010011111
110011010101111000
110011001010000101
111100001011000101
101011011110000001
111011100100111010
100010101011001001
111010111110011001
100001010011000000
101011111010000010
100111010011101010
111110011010111001
111101110110111101
100101000110001011
101100110010110110
100010101100110101
110010100000001111
100000100101000000
100101000100111100
100001010111010001
100101010011111001
110000000111110010
111110110110101110
111000111101000011
100001010111010010
111101010001100101
100101010111101010
111111001111101110
101100111000101111
101000111000010011
100011111001101101
111000001010111011
111100011111101100
101101110101111101
101000000110001100
101000111110100101
100100110111110101
111111100011110100
101011100010011000
101001111000101010
110110011100111111
101001101001111001
110011000010001101
100100101110111000
111101001110110110
111001011110011101
111000111000011110
100010001010101001
101110000001000000
111100011010110110
110100011001010111
110011010111111111
101100000000110000
111111001010111101
101100101100011110
110110000010100101
100001110010010011
110100100110111000
111000111011110011
101111111011100111
101111001000011010
100110000000111001
100100100010001111
100110000010100110
111011011001101000
101111111010001101
110101001011010001
100101001110011100
110010011011101110
110110001101100011
101110101000100011
110000001101000000
110001011011000101
110110011101111010
100000011001011011
101100011000100101
100111001000010011
101110100011101000
100111011001001101
101011111101111001
101111101010111111
100011101100111000
101000111000000101
110011000011100100
110111111110000000
111110111011100000
100000100100110110
110110001111011010
110110101010001101
111100100010111110
110100101001010100
100000001001110110
111001100011011101
110100011001101111
101111100111110101
111100111111011111
110001000100000100
111010100111011000
101110011110000000
110111000100010101
101001101100011101
111010000100110000
100001100111010101
110101000011101111
100000001100101110
111110000010011010
110001110101111110
101010000100101101
111101010101101010
101111111011111011
111100110100000100
110001000010111001
101110100010101111
110110110010101111
111010010011001001
110010100110110011
111001010111011110
111101001101001011
110111100101010111
110000101000100001
110101010011010100
101100110111011011
101001110001100110
101001111011001011
110100101111010001
111011000010010100
110001101011011010
110001110010110011
110000011111000101
101011011001001010
101000110001010100
111110101000101110
101111000111101011
111010110011010000
111011011001111101
101010101101111001
100111011011111001
100011111001100101
101000110011100011
111001010100001111
110001010110101110
101001100101101111
111001110100011011
111001000011111000
100000110101100000
110010001011011111
110111000111111110
110011000101010100
100101110101010110
110001110111110010
100111011000100111
100001110101101100
110011101110111001
100000101111100001
110010001000011010
110000011100011000
101001111010101101
101111110111001011
111000101100101000
101111010111110010
100110000011100011
101010100111011100
100011011000111001
101101001101100000
111010010101010101
101111111111111010
101010000000100011
110000100001001110
110100011101001000
100110001100100001
100111000000001010
100110111111010011
110011100101010110
110000000010011010
110000101110110011
111000000111001111
101100101110000111
111101101011011011
101011000111010010
101001011111101001
111110000100101010
101001011111000100
111101001011110000
100111101011001001
110000001101011110
100000010010000000
100000001000001111
101101110011010110
111101000111100111
100111100101111001
110111000001010111
101000011101101010
101001110011011100
110001010110010100
111000011110010100
100001011011010101
100000100001110000
101101111010010001
110111010011000011
110000111100110000
111010011010110111
110110001101010000
100010111001011110
101011001011001100
111011101100001001
111010001001111001
111101010001110101
100010100000101010
100011000001010001
100101110001101011
101010001110111101
110010010010100010
111011111000101101
101100111011110101
110100100110111010
110100001101101000
110111100011100100
111101100010101111
101110110111000110
101001101000001100
110111100010010011
110100000101000110
111110111110000011
110000000011101110
100111000111100100
111100111100001111
111011101111011101
101000000101111010
110111010100110100
111000011100010100
110111100011011001
100101011010111100
110100101001011011
101111100101111010
110100001110001011
110000011110110001
100000110011001110
100011001111000110
110110111111011101
111001101010001011
100110001101110011
100010011000010001
100000110011101101
111010111111111111
101100100001111010
101110010000000010
100011011011110000
110111010101010000
101010110100111000
111111010101011011
111101001100000110
101011111011101001
100010111010111001
101001001110101001
101100100011011010
101111110110100000
100111011101000011
111011100101101111
101101111101010111
111100101011010101
110001100101111000
101010110001011111
101010001001101101
100000111111010100
111011100101100100
101101101111111010
100101100011101111
110100100111110011
111101110000010110
100011111100110011
101001011110010110
101010010110101111
110110010000000000
110110111101110111
111011011001000011
110011000110110101
111111000100100111
110001100010001000
100010011011111101
110101100001101010
111000011100101110
110001011010110011
111110010001101000
110010110100111110
100001001001101011
100001000001010011
110001011101110110
100010111000000010
100000100000100000
111010100010011101
110100001111101100
110110100000110001
111100101110000010
100110001101100001
110100100011011111
101101001111101000
101010110100000011
110000000010010001
110000100111001101
110000000100000010
100100100010100110
110000010001010011
101000000101011011
111010011101111001
100110100101001001
101000001011100010
101111111010000011
100111011101111100
110101111100110100
101011101000101111
101011101100101000
110111010010001110
111101000101100100
110011001101011100
100001001001000000
111000011110000101
100100001000110010
100011010100001000
111011110000110010
110110110001010111
110111000010001101
110000101001101000
101010001000010111
110101111100000101
101000111000000101
110111000001001111
111000100010010001
100110010101100111
101010100001001000
110101010101010010
101100011000011101
100000100010111101
100000111011011001
101111000001110010
100101011000110000
110100111000000001
100001000010111011
111011010001010111
111011010001001000
101111011010001010
111001011111001000
110010100100111100
110110000100001100
110100001011010110
101001110100011010
110010010010100000
101001111000011101
101101010000011001
100011001000110001
100110100010101000
101001001111011110
111110110011111101
101011100100110100
111101010101110000
111110100011100000
101101100110110110
111011000101101011
101000110100111110
101000010011001010
101100100011100100
111010001001110010
101110101100001001
111100000100110010
100110101000110010
111111011010100101
111101100100101000
111100010001011110
110010000010000011
100001101111101111
101010111000010100
100010110010001100
110111101110111001
100000000000110000
101001010100101111
101001000100110110
110010011000101100
110111001101100010
111010101000000000
100100100100101111
111111001010101101
110011010011001110
111100111000001000
101010110001110101
101111100100000001
110110000110110010
111100001011011001
111111111001110110
100010101111010111
101110100000101111
111011001100111001
101111110110110001
111100101010011110
111111000010000111
110010000100010000
110110110101011111
110110110110011101
110101101011001000
111001010000001100
111101000110111011
101011000000000001
101010001111111010
111001001100110101
101001000011110111
100111010101100111
110101100001000010
101110111110101011
101000110011111000
101111110011010100
111110111111000011
101100001010100100
101011000011010010
101011011001011010
101101000001001111
111010010100001100
111100101110101011
111100011101101000
100000100001110100
100110111110001000
101110010001111001
110111010011110011
111001011111010100
100111110010000101
101011010111101111
100011001010010111
110011010110110001
110000011111000000
110011101101000001
111000101011010101
111000001001111111
101000110001100111
101011111011111011
101010010010100001
100010011111100010
101100111000101111
111101100111100001
110110000001110011
111100101110010001
111010001111000101
101000001110011101
110011101100000000
110011110011110001
101000100100001000
100001101100101000
101110011110011010
111111010001000111
110011100011001010
110000100101011010
110001101001110001
111101100000101010
111110101010011110
110000001111011110
101111101011111101
101010001000111000
100011111000100010
111010010101011111
100001000001100000
100011100101110110
111110011001001101
100110000010010010
111101101001001001
110110001101100011
111010110000100001
100111101010011111
101010100101100000
100010010011000000
110100010010010001
110001110011110101
111010100111001100
110101111010111110
110111000110110111
111000101000111100
110111000011010000
101111110111000001
111101011100001010
101111100101011100
101000101100100001
110010110011110100
101001001101000110
100010010011111110
100000000011001111
111001110011100111
111111101111011100
110101100101101101
111000000000010010
101110010100010111
110001111100011011
111010010001111001
111101011010011010
100011100111101110
110101010011010111
101100101100001110
110001100001110100
101100110110011100
111001110001100001
110011011111101001
110001010010101000
110100110010001110
111011000010011000
100001100111011000
100100111100101110
110111111101110101
101100101000000100
111111110101000010
111110001101001010
111100010000101100
101101100100101110
101010010111000101
110111001110000111
101110010100000110
101101010010001101
111011011010100110
101101001111011001
100011111000000101
100001101111110011
100100000010001001
111111111101000001
101011100000110110
101011110100011001
100011010011110110
101011111010101011
111001010111010111
100000101001000100
101100000000000101
101000100000000111
101111011010001111
100101011010101000
110000001111101000
101010100110001001
100110100111110100
101111111100001101
110001011101101000
111111110010100100
101010111101101001
110001001001010110
100000101001000000
100111100111000110
111001101110000000
100000000101101001
101011111110001111
111011010010110101
111010101111101100
100100010000110100
101010011011010000
111101101111101010
111010010001101011
110011000111101011
111001000100110100
110010010001110010
101000110001101101
110001101000110011
111100011001010101
100110001011000001
101011010001001010
110110000011001101
111011110111001100
111101111110011011
111010011111010011
110101001110101011
101100110100101100
110110111000110101
111101001111101011
110011100101100100
100110010011110111
111011000111100000
101001011100111110
110101101010111100
100100100101110001
111100101000010111
101100001101000001
100010001101010010
111010101101110100
110000110010111101
111000011011001101
110110101110010010
111110110110010110
111101100011000000
101111010010101110
101111001111000000
110011100000101001
110111100110110111
101001011110101011
111011111101011100
111110011111110000
101110110100010001
100110010000011011
111001010101010100
100110110011001010
110101110110010100
111001101110111011
111100100101111001
101000110100000100
111010010111111101
110001110100000111
111011001101001011
111001101011011101
111001001010010001
110000011011111101
100111101000011010
110010111011110001
101011001110101110
101010000001111011
111111110110111111
111100000111100000
100110111001001000
101010001011100110
101001000010111001
111110100010100011
111010101110000111
111101101010000101
100001110001011011
101001111001111010
101010011111011100
101101111001000000
101001001101100100
100000001111011011
100100010001111010
111110100011000010
110000000110101011
101111010000011011
110011011001011100
111010100100011001
111000101100101010
100011000010010010
100010111110101111
111110101011000110
100101100001100000
101011010100101010
100100010111101011
100011100101110100
111001000110100011
111010010100110001
111000100001101010
111001000011111000
100010001110110110
110100011010100010
100010010000101001
110000010101100001
100101100011101000
110011111101010001
101111010110010110
111101000010111101
101111101011100001
110001000111011110
110000000001111000
100101010100111001
101100011110101001
101010001000010100
101011000111101100
101101011101101111
100111010001010000
101101000100001001
100001110010111011
111111101011000100
111110000111111010
101001101001100111
111000100101101001
111011010001110101
110010110000001100
110001011010100100
100111101000001001
111001010001011000
110010111000000100
101100111011000011
100110001000011001
100011011000101011
100011010000100011
111100001011011110
100110011011011010
110111100111101100
110111000110011000
100100100011110100
101011000000000101
101011101110010111
110001001001000011
111101000110101100
100100110011001110
111110001001000101
100111000100000011
100001110101011010
100100010010001101
110011001001011001
111010001110100111
101001101001111001
111111011001111101
101110011000001010
101101001000010001
101111010000110010
111101110000000011
111101101101100100
111010110100111001
101101111010000001
100010000101001100
111100110010100001
101100000101111101
101111001101011001
110111111101100110
100001000101010010
110100001000011100
110011101110101011
100100010010001000
111000010100010010
100111010010000000
100000001010011011
110100011001011011
111011010111001101
101010111110011001
111000000011101111
100000000000001110
111100011110010111
111000110011010100
100101010001110101
101010110111011010
100110011011000100
110000100111101100
100110010011001110
110111101010100101
101100011010011011
101011001100110110
111001110000100100
100110010010100001
101001100001111000
100101011101111111
100011001101010010
110010101101001000
100011101010011000
101011011011100100
111000011011011110
100101010000010110
110111000110011000
111110110001001011
101100100000011110
101010101001111011
111110001000110010
110110010110100101
100001000000100110
110110000110111101
110101101100010010
111001001001001000
101011011011110111
111000000011011010
111001010100011100
100111010011100111
111001010000110101
100001010100010111
100111011110001001
110110111010111000
101111010011001100
101100111010100100
101000010100101111
100001000011101001
111000001011101100
110011111000100001
101101100110110110
111100000001000110
100110001000111001
110010000010110010
111100011010110110
100110000000100000
110011100111110001
110001100111110100
101011001111011101
100010101010110010
111000110110001110
101100001001100101
111001111110001100
100010011100011100
110001101010111100
111000001100101001
111111001000000100
110011011001001100
100110001110000010
101101011000101111
110100111110011100
110011101000010001
101010100011011100
101011101001111000
110101011000011001
110011100011101000
100000001011011011
101010100110011000
100011010001100000
110101010010000010
100100100111100110
101101010100111111
100111101100000011
100101001011100111
110100111011111011
101111100001111100
110011011110001000
110001011101011001
100101101010101000
100011000101110110
111011111011100010
100001011101110010
100011001111101101
100110000000001101
101101101011010000
110101110100100111
101110110110111000
110010001111011000
110110001000011001
111011110111001000
110110010110000111
100111000011100001
110001001101011100
110100110001010010
101000100111100110
100110100101010100
100010111110100011
111111101110000010
111010000100111100
111001001101100010
110100111001011100
111010001100111011
110110101000101001
101011011011000111
100111111000011011
111011000110110101
100011000100111001
111111001110110001
110010111000100011
101000011001111001
100001110000000011
101111101000100111
111101100011111101
110110011111101111
111000110010111011
111011110011101101
111011000010001101
111011101110001110
100101001001010010
110101010110000001
110011110001000100
101100110001111110
100011010000010111
101000011101101100
101011110101110011
111111001111100011
111100000110110011
101110001100001100
111101010011000011
110011100110000110
101101001100101010
110010001101000010
101011111000101101
101111110110011101
110101000111001000
101000010101010011
100110010000110100
101101011110010111
100100101100101001
110111111000011101
111000110111111001
101010011011110100
101001001101001110
101001011111000100
101100100010001100
100101010010110011
111111111010110110
111010011111011010
100111010011101001
110101000111101111
100001110000110111
111001010000011000
100110000100011100
101110100011001011
110000110001110010
111011101001101111
101011100100100110
110001011000111001
101011110001101011
111000110010111011
110011001110110001
100001111111100101
110000011111111001
100010010110000110
111001000100110011
100111000011011100
101100111111010000
101000110010001100
111100000110011010
110100110000101010
101001001110001000
110101100000110011
111111001111010011
100111111010011111
100000100010111000
100011100100000110
100010000010110011
110010001111101010
110111100010011011
100001111001001100
100100010111010001
111110010000111001
111111011001110111
111010000110001111
110110011001010110
101100001011100110
100101010001000011
101001001011111100
110101011100001010
101000111001101101
100101100110000100
100001110011110000
100010111111100010
111101000101001111
110011001010100010
101111000100001000
111100001111001011
100110111001001110
110001000111000001
100110010111110010
111101101010001011
110111110100011111
111011001101010010
110011100001111010
100001101000000101
101011010011000001
110011100100110100
110100110111001101
111111110011111110
100000011100011010
110011100000101000
111010101101010111
101000100100011001
101110110100010110
111011101100000111
100010010000000100
101101000110111100
110101010101101001
110001111101010101
110011001110101101
110011111011011101
110100001001010010
100111010110001101
111001111110001100
100100001000110010
110001010001011000
110011011000001101
100010110011100100
110010101001010111
110010001100101000
110110101001010101
100101110110011010
111001000010111001
100111010011000001
101101011001100110
110000100000100110
101111000011100100
110100100100000001
100001110110101111
100101011111010010
100010101100000001
100100110001111111
101011010111010001
110110100110101110
111101100011111101
110000101100000000
110010110100011100
110001010101011001
110101100101001000
110100101100100111
111000110000011001
101010000111000000
101000111000101100
110011111011010000
111001100011101000
110101000110011101
101000101000001011
100000100010111101
111000110100011100
101000100001001001
111001011000001111
111010011000101111
100110100101111011
100110011001100111
111111100101011011
111100001001001001
110000100000101101
101011001000111000
100100010111111100
101000000100110011
101100101110011111
101101110011010110
100101000011001001
101101010110111100
101000111001100100
101000010011010000
100101001110100000
110110000010010000
100110100111010011
110001011111111001
111001110011010001
101011011111111001
101000111001001110
101101011010000000
100001111100010001
111101000000101011
101011010011111001
101111010101110001
110111011100001011
110010111101110000
100110001011000110
100000011001100110
100100001011000000
100011011110010000
110000101111111100
100110111110001000
101010000111101101
101111101010011110
100101000000110101
110000001000100100
111100110001001010
100111101011010000
111111101110000010
111111100110111010
110001100101110011
110100100110011011
101100000011111111
101110011010100000
100001101000101010
101011111000001111
101011101101000010
101011110011011111
110100111000101011
101001101110010100
100000010100001101
101011110011111111
110101111101101111
111001000110101010
100111011101011101
101011000010010100
101000111011010000
110100101000011000
100011101101110010
101000101010100000
111011011000101011
101111110101001001
111011011000101011
110010100011011111
111001110110101000
111010111010010111
100011010111001100
110101101111110101
101011101001011010
100111101000001011
100001100001101010
101000011101011000
111110100110010111
110100000110111110
101000010011111001
110101000111001101
110111101001010011
101010010111010000
101111001011110010
101010101001111011
100101111100010010
100011001111110100
111001010111110111
101110110010011111
111110110001001011
101010011010110100
111111100111111111
111000100110011000
110110001001001010
110011101010010110
100110110111010010
110111110110110110
100000100001110000
101000101101001101
101100010011010000
110000010000100100
111100101101110000
100011011001110001
111101111101110110
111010010110010011
101101001100000010
100011001110111100
110110110010101101
110011010110000000
100011001100011101
100000101101101110
110110010001010101
100100100000100101
101001101011000100
100101100001000000
111111010001011001
110101010011011110
101101000100100100
101101000111001010
101110111111011011
100001101001011001
101100010100001111
101000101101011011
100000110011111100
100110101111001011
101101000101011010
100101001000000000
100110011110110100
100101101001111101
100001111100101001
110111011100101000
110110101100101000
100110011010010110
110101111010100010
110010010100011000
100101111110001100
110010000000000000
101111111110010101
101110101101010111
101001101100010010
111001110110101000
111010100110001010
110001111100011011
100010000110000100
100000001000110011
111001010110101010
111101010010001101
100011101010010001
100111101111111010
111010100111000010
110011110001010111
101010011000010000
100101001001001111
100010011001001100
111111011010100101
110011101101010001
110010101011011110
111110001011101000
101111010010001001
100100011010001101
111101000101000000
100101110111111011
111010010011011111
100100111010011010
101001001111101111
111110010011100100
100001010010100010
100111100001110010
111010011010110111
100010100110100011
111110101111100011
111110100000100100
101000010001010110
101100010110100011
111000110010000100
111010001010010000
110111101101100001
111101100011000010
101001000011101101
100000001010001011
111100001101101011
100001011101000011
100010101111010011
110100000010011101
101001010001110110
110111010101100111
101010010111101010
110100000001111101
110010001001100111
101000000001001101
111001010000000010
100111011000110100
110100000010001111
111111001100101100
100111100101011100
100010101111101010
111111101011101011
100100100101001101
111010001011000001
101101000010101111
111010111011001001
111101110111101100
110111111100101101
101111100011001010
110010000001011110
100011100000100101
111000000000101110
111101100100110100
111010101010110000
101010000111011100
111100001111010111
101100110100101100
111000010010011100
101110001101111101
110011100011000010
101011101100000111
101011101001010111
100001100001101010
111100001100110000
101000001000100110
100101110011010110
101000101110110100
111101001101001001
100111001100000101
100110011000101101
111100011110011101
111011110110001111
101101100010000010
101010110001011101
111010001111011011
100100111110110000
100011110010100010
111011100011010100
101010111010111111
100101010100000111
100010000010110110
100000001010101110
111101111110011011
110111101100010100
101111100011000101
110101100011001100
101111011110101111
101111010110010111
111101011111010100
111000101001101110
100110110111111101
111111100101101110
110110110101000010
111101011001111000
110100110110111010
100100110001011000
111001101100010010
100011111011100100
110101111110101101
110110111001110100
100000100001011000
111010001110010100
101010111110101101
100000110100010101
101001100110011000
111111101110000001
111010001100101001
111100001100001111
101100000000010010
101100101011100101
111100111111010100
110000010110110000
111000000111011001
111100100100100010
101100011110111111
111001011110001011
100000011110111100
101101110001010001
111000010110101001
100100010001111011
101101010101010110
111011110111000111
111010010010000111
101110010010100110
110101100111100111
100000011101001011
101101000110111000
110100000110010100
101101000100111011
111111000010000011
100011011000111000
101100101111000100
100111110011000011
111110001011111001
111101110110000001
101110101000001110
101110101100101010
100101110010111001
101101100111100110
111101011001001010
111011110011011111
100100011100100111
111101100011010000
111000000000110100
100100101000010100
110011111000101100
110000110011110010
110010011001011111
100011010011000110
110110101100111011
101001100101111111
111001101100010000
101001001100010110
111001010011110011
100100110001100101
111111010011001111
100010111001000101
101111110011111000
101110000010011001
100100111001011101
111001101010011101
110110010011000010
101110100011001111
101011101010101011
101110101101011101
101010111111001111
110010000011000101
101101100010011111
100000101110010100
101101101111110101
110110010111011110
101111000110100101
100010101010001000
100011101101110101
100100001011001101
101110111000010111
111101100000101100
110010011111101111
111101100000010111
111001001100111110
110000110000100011
110110000100010101
101011010100011101
100010000111001111
101000000010011000
101011110110000000
100011010001100101
100110010100111101
100101011011000010
100010011010000101
111001101101011110
100100101001011111
110111010010001110
101010010101101001
110100111000010100
111101001010101010
101010011011110001
100100101111101011
101011100001000011
111111101000111101
110110000010111010
100011110001000010
100011111111010011
100101101001101111
111011000001001100
111110011101110000
110000110000100000
110110101110101011
100100000000100100
110111101010000101
101001101010011100
110100000001011001
100110100010101010
101110111011101011
110000101010111101
110010001110101101
111001010100011010
101011001001100111
111101101000001011
101100101001111010
100100110011111011
101000101011111000
110111010111010110
110100101100110101
101110001100001000
100011110000110010
100000101100001010
101011111010011001
101100001101010110
100110100010010010
100111010010111011
111100010011111111
110100001100100100
110010011000001000
101010001000011000
100001110011110111
111100101000101001
110101011100101111
111000010100111000
111101001001011010
111001110111100000
101001011110100001
111101010000010010
111101001101000110
111011111110000010
110110011110000101
101101011010000010
100111110001000111
110110110110011001
101101000111100111
111111101000101101
111100001101101011
100111100111101011
101001001011100000
110011110011100001
101010100000110010
100100101000011000
101011000010000000
111011011111001101
101011001010101001
101000001000011010
100001101000110100
110010111011011011
110011001001000110
111010010011010100
110000001001011111
101100000011111001
111101100010001011
111010111000000110
110110011000000100
100010101100010010
101000101000100110
110011010010010100
100011010010100000
101011111000111001
111101001011100010
111000101110111000
111001101110001010
100001101001111011
101010001111110010
111001000110010100
101010101010000100
100100111100111001
101001101001100010
110011011011111101
110001001100000010
101101111111010011
110100000110111011
100011010010011000
100010110100000000
100111001001010011
100100110101001110
100010101100101010
111111000101000100
111101100011001011
101100110001011110
111010101111111111
100110101110110111
101001001100000100
110011110111011011
101100001001100101
110111100001101010
100100111110110101
111000000011001010
101010001010110101
101101110011000000
101000011100010000
100101111111001100
111001101100010000
111100011010101010
100001111111000110
110111000110001100
101010110111000011
100111100010100000
110000100000110011
100111010110100100
101010100010011001
100110011001111001
101100010011011001
101111101001001101
100110111111001010
110011001001100000
111110001001101101
110011000100011000
110100111010010001
101110100101010010
100001000100100001
110010001000011001
100011010001111000
111100111010001000
100000110111110100
100001111000101000
111110111101001010
111100000001010111
101110100101001110
100111011101100111
100111101100101001
101010001001111000
100111111001000101
101001100111011000
111010101110101011
101011111110000101
111101101001101011
101111100000010100
101001110111100111
101001011110000110
100010101100111111
110111001011110000
101110101100101100
111001011010000001
100111001000100100
111001100000000010
110001111101001010
101111110100000000
110111001011101100
101001011110000001
110110100000010011
101111010110110010
110001000000100101
110010100101011100
101001110001000101
101111111110101111
111001011110001000
101000011000001110
111100000111001101
100111101101110011
110010000101010000
110110110110101101
110011110000011011
101111000110110011
100011010011001001
111001100100111111
100100110011100000
100101110110010000
101000100110101110
100101001001010001
100100110100011110
110100110010001001
101100001010101101
101101011101011110
100101011111110101
100110100011101000
111011000101101100
100111010001110101
101111101001110101
101101000101111010
110010100111110111
100101101111100010
100110000110101100
100011101011011011
101001011011010010
100100000101100110
111101101110100001
101010001000101100
101010111111001000
101001001110100011
111000111010010011
110010011111010101
101101011001110111
101000001111010001
110011010111001111
100111101010001011
110111111101100011
100010101000001011
100011010110011010
111100110100111011
101001100101100110
111011111011100011
100000000011010110
110011011011101101
100100011001011110
111001101110111101
100101100100001011
110100011111001010
100010101110000001
111011010011011111
101010001110000000
100100000110000111
111011100010101000
100110000100000100
110100011111010110
100010011111001111
100000000010111100
101001010100100111
101011111010010110
110011001100110001
110011111101000010
110111111100000100
110001001101110110
101010110000111101
110110001010000110
110000100000010011
101111000111011110
110101111101110001
110001010000010000
101011000000111110
111001010010011011
111001000001000010
100011010110000000
111001010101000111
101101100001010001
111001010100110100
111111100000000110
100000111100111010
111001100110000100
101000110100011011
110001000010111111
100111000101000001
100000110001100000
110100000101100111
101110100110110101
100110000000110011
110100011101010101
100011011000100000
111100000011111000
101011011011111100
110101001001011100
110100101000101010
110000101111111100
101011000111101100
110111100011100110
111000110001001010
100011111111101100
111101010011101011
110100100100000100
101111100110011101
111000100001000101
110100110100011000
101001001101100111
110010010110100101
111100101101001010
101111111010001000
101000001101000111
110111000000001011
101010111010001110
110001000111011000
111011110000100111
100110000110101100
110000100010101000
100001011100000000
101000101011001011
100000111111101001
100110110000000101
100001011000100101
101000101010011011
111000101001010110
101000111111010110
111110001000001010
101010110010101000
101111001001011001
101011101001011101
100110010110001000
101101111111100001
101100111111101101
110010100111000001
110001010101100111
101011011111110000
111111101101110010
100100001010011001
110111111010101000
101111011011010111
101000101010111011
110011001010110001
110010101001000000
111001100111101000
111010011010011011
101101100010110110
110001111110111110
110110001000001100
101100011110101000
110000111110010000
110100111010110111
100100100000001101
110100010011101101
101011011110010101
101010010111110110
110110010000111011
111100000010100110
110000101110010001
100110100010100101
110001101010100000
110101000000001100
111101010101000100
111101111111101110
111000100000111011
110000110010010110
111101100011011111
101000000011100001
101101010110100111
101111000111000101
101011000000011011
111111100011110101
110101110101101100
101101010001011101
110001001001111101
100001011011011001
110101110000101110
101111110110001011
111010100111100100
101100101010000000
100010001110110101
100000100101001111
110110010001110110
110110101011011001
101011110010001011
101101011111111110
101000110000111011
100011101100100001
111001101110110100
100011110110001110
101101010001100101
111001100010111100
111110010110011011
110100011000101111
110011111011010111
110100000100010100
100100101000110011
101100111011010010
100110100001011001
100101100011101010
110010010000111100
100011111010010000
100010100100100010
110001001000110010
100100110010011110
110000011011101010
101010101011000001
101001110010110001
101000001000011110
100011110011011101
100111010010011000
111100000001100000
101010010110101011
101001101001001010
100111111001101010
101001001011001101
101101011100000100
111001101111010111
100100000100010010
100110001011100111
100101101000101111
101110100001101101
101101010111001101
110011111000100001
111100000101111100
111011010100110000
100010100100100010
110000111111011100
111101100101110111
101111011011010110
100000010000101010
110111000000000100
111111011010101010
100100001011110010
101111011111001011
111011001101101101
101011000000110100
110011111101001011
111000110100110011
100110001101110011
101101111111000001
100100111101100100
100011110001010010
110100110100111111
100110110000101001
110110100010011000
111111110010100010
111010010001111111
100100100001000001
110111010110101010
110110101001111111
100101011001010101
111101101000101111
111000000010011000
100010011011100101
100010101110100100
100111001111011001
110110110101111011
101001101111001100
110011011010000010
111111011000110101
101010100010011001
111111100001101110
110110100110001101
101110010010100101
110001111000110110
111001110011101110
100011000001101111
101001010010111101
100001101000111100
110100110100110101
111101100111100011
111011100010101011
110000000010000001
101110111010011101
111001011100101000
101000010000000000
110100011110000001
110010000010000011
110100101000000110
110110000001010110
110011001111010010
110001011100110001
101100110011111111
101111110000001110
101011101101000000
110100001110000000
111001001001011001
101101001110100110
110100100010110011
110000000100110000
100010010011000001
101100111010100011
110000011110100010
110001010001101101
100100000001100001
110100111100000100
100001100000100011
111001111111001000
100100110011101001
111010111000110010
111010111010001000
110011101010000111
110011011100010111
100111100110101110
101000011111000110
110011000100010001
101100011101001111
101001101111000010
101111111001111001
110001101111011001
100101011001100000
110011011100010111
110100001100111000
111010001111110001
101011100101011000
100110000100110010
111111001101110111
101000000100011001
111001011101111000
101100111011000110
100001010010000011
110001110101111110
110110000001101011
111010000100000010
110011000101000011
101110100100010101
110000110010000010
101010010010000010
100001000100000100
111100101111000001
101000011000011110
100110110011001011
111100100010111100
101010100011100110
111111011000000101
101110100011001100
101100010110100011
111011101000000001
100100101101100101
100101111000000001
100001101100110010
110001000100101001
110100110101100111
111110000011110001
111000001001010110
111101010010010100
101010101011000000
101100100001001011
110101011110111100
100110010101010100
111001001110100110
100000010101010110
101100111110100010
111110100011000100
111111010011110001
110100001010000011
111101011001000001
101111110100010011
111010111101011001
110010011000110110
100100000011010000
100011010111100011
101110110000101100
101111101010011011
110000001101001000
110110000100110110
110011110000110000
111011011011110000
101101000111010101
101000100011101111
100010101101101001
110000011110010000
101000011000100100
101010110000101000
111001010110100001
111111011101001001
111010110101010101
101010100100000101
111011111000011001
101100111101111101
100001110001110110
110001110000110001
100101000001000011
101111111101111000
100011010111111111
110001110011011110
111011000001111001
100110000111110111
101001101001101111
101010110010100100
101001011110000110
100110101010101100
111100010000101001
110111001011000111
111010001110100000
110011001001001000
110000100101000010
110101001010001111
101100101111011100
100000001001100110
111111010010100010
100100111110110101
111111001111101000
101100001000001001
110010001111000111
111100101111000110
110110101010011110
100111110110101100
110101101001111000
100111101110001011
101000000110100001
100011101011101100
101011111101101010
101011101111010000
101010000101001000
101110111100011101
111111111100110111
111110110111000111
111010000001001010
101111100110001000
101001000010100100
111011000100001110
101010100000010010
101000000000110111
100110000111111001
111010101011110100
111000001111100001
101011101101101011
111110111000110001
111100011000001000
110001111111011011
110111001100011101
110101100000001111
111000110101000110
100010010001011010
111011101011111110
111000011001100101
100101110010111100
110000101010101001
101101100011010101
101101011000001000
101000110010010011
111000101111111010
100001000001010111
100100011111101011
111100111111000111
101100100001100110
100110000010011111
100110111000010111
110000011101111100
110110000101111010
111100111011100100
111011010001111010
110010001110011001
111100110100010011
111000100110011111
100001100111111010
100000000100000110
101100101101100010
110110111011110000
100011110011011101
100110010111101010
110111000001101011
111110000011100010
101001001010001100
110101001111111100
100111011000101100
110011100101110110
101000110011101111
110100110010111011
111001010100001100
100010010000110001
101100011110111101
101100011110100001
101111100010111100
100101101011100010
101111011101010000
100010111010101110
100100110001010001
110101101110010101
101101011100101110
101111100001010000
100111001101011111
111011101111100100
110110110100111011
101100101100101101
111101011000100111
111110010111000011
100110011111010001
111110010101011110
111101100010010000
101011100000110110
110100010101000111
100110111111100000
110010100100111111
111111010100110110
110111010110111110
111000001010010111
100010110001011001
111011011111110100
100011111001111101
101100010001001000
100110101011011101
111010011101011100
100011101011010111
111000010000001101
100001110100101100
110010011010001011
111010001011100010
110001011001101101
101111011110000001
100101101001010110
100101000011010000
110010011111110011
111100000011111011
111100101011010000
101000101000010110
110100011001011011
100101000010000101
110010000100100101
100011111011100001
101100101011110000
110001011000010101
101010101110111001
100110101111011111
101101000100110110
110111100101000110
101010110101111000
101100110000011110
110111000110100110
101111110000000001
110010011110000011
111001000101101101
100001010011001100
111010011101101010
111100111001000110
101011000100101000
100010111001010000
100010110000101110
101100101100111000
110100101100010011
100111000110101110
110100010100110000
100011000000101101
111111011010011110
101011111101101011
111101111101111011
111101000001110000
111010011010001000
100000000011001011
100010110011101110
100111001111011001
110101110110111011
111001011100111111
111001101001110010
100101000010001000
101001001100011011
100110101010111100
111101000010101000
111111101000000101
110010100000010010
101101110111100010
100011001011000110
110011100010000001
100101001010001101
101011000010101011
110100100110100001
110111000011000100
101111100001001011
100010001110100100
100110001001011101
110010011101001000
101011001010000010
111010001010001110
110001111011110011
110111110010100001
101110111010011011
100010001110011001
111111001010011000
101001100101001011
101111110101000100
100101101110100000
100000100000011010
110011000000010011
101011011100100011
100100011100001011
100110101101000100
101101011001001111
110010011000101000
100100000100010100
111011101011101111
111101110000011010
100111000011010010
101001111011011000
101000011001010110
100001000011111001
100101010000100000
110000111001100000
100000101000011010
100001100101100111
111001111101110111
100011110001011101
101110100100011110
110011110000110110
111000101000011111
100000110110100111
100000000010000011
100110001000100100
101100101011101101
100011101000010101
110001011111111001
111110001000111101
111110101101010010
101100111110100100
101111110000111110
101011011110111001
101001010000111001
110111100011011100
101100101001001111
101111001101111101
111001010011100011
110111010110101111
101010111100100101
101111001010011111
111101000110010111
100000011101111111
100100000110111100
111001001010101011
100011110100001110
100101100110100001
100001001111011001
110010010000010110
101100001000001000
101010111010001010
101100110111001111
100110110100111000
100101111111100110
100101000110001101
111111100111110000
100100101101110010
100111100001110010
100011000110111011
110100110101010010
101100100000101100
111110110100111111
110110100011010101
111101101000000010
111000010101001100
110101111111010100
101111001001000101
100000100101001111
101100100001000110
111101000111100110
100010111100000000
100101000001010010
110100010101110101
101100111101110010
101111010101101011
110100111001100101
100010111101110011
100111111110010100
101101111110100001
110110001001001111
100101101000010011
100111100001001000
100100110011100111
110010111101100110
100100001000001000
111111110101110001
101110111011010100
111010001001110010
101110010100110000
111001100000111100
110101100101101101
100011101101101001
110101100101100010
111100100111001000
100100011010001101
101111110010101111
110010001010101010
101100100011110010
101110111100110110
101110111011010011
100000010000001101
101100011111011110
111001001011100110
101010011110010101
100010011001111011
111110111111000100
100010111000001001
110010000010000100
101101001111110101
110001110000001000
110001110010111001
100011100100101110
110010000100100011
111010001110100000
101000111101111010
110011010011000100
111011001001011100
110001011101010001
101000010010011111
101100000000101011
100010110000111111
100010010110111111
110111011111111111
111000011100101000
111101101100000011
111110100111011101
111010011111010000
111010101110101001
111000100011100111
110100101010110011
110110100100101101
101001110110010101
100111101101011011
100100000010101110
111000011110110111
100110000011111110
111111010110001111
110011011110001011
111100111000101101
101011110111010100
100010011100000011
101010011100101011
111010010001100010
110010110111000000
110111100111000000
110111100010111100
111000001100001111
111101101111101010
101100001100110101
110010000101010000
110101101000101010
110011000000110111
101000000000010010
111000000111000001
100111010111110010
110010001101101000
101101000000100100
101101100000000011
101010111000001001
111011001010001011
111010111000010110
100100101110000001
111000011100111011
110100111101100111
101010011100101110
101001110111010000
111100101000010010
110110110010011101
100011100001110100
100000010010000001
110000011111001000
101110110110001010
110001011101000100
101011000100011101
101101011001000100
110011010011000100
110001001011011000
111101101010000001
101100101000001011
111111110111000100
100010110011000101
110101110011010000
101011111000001101
110000100000100110
100000001110100101
111001111110110111
111001011011111101
101000100110111111
111111011110111111
110101110101111000
110000110001011111
110100111010010001
110011111110111101
111100000101100111
111111110011110010
101100101100111101
101110101101100001
110101000100001100
111110111100111011
101011111010100010
110000001101000010
110111111100110000
100110111010001101
110101000100100011
110110100001111001
111100100011100011
101110000111111010
100100001001101000
111000000111000010
100101000011011010
110111000110010010
110110110000000100
111010000111111000
101011111110001000
110000111000100000
101011000010101001
110101010011000111
110111111001011001
100000011110010011
101011011000001101
101110100110001111
110001110010111001
100000011010001001
111110110100010100
101011110011010101
110011110111010010
100011110101101101
111100111000001110
101100010000000111
100100100011001010
111101000110010111
110111100011010110
111000110011001100
111111111111100001
101001101000111001
101110010001001011
110101100000001000
110011111100001011
101011001010101100
101101011101101111
100111110111010001
111011001100111001
111111100010001101
101101111011011010
101111000001111110
110101100111101010
110010011001100100
101101001011001001
100110011001101010
111000100110101111
111111001101100100
111100100101010001
100111001010101001
111111111100010011
110101010010011001
110010001000110011
101010010100000011
101100101011101110
110010000000100100
110011010111010011
101011111100011000
100011101000110010
111110111001110111
111000000010001100
111010010111001111
111001100100001010
101101011101011111
110010111101110000
110111001011000110
110000100011110110
110101011100100101
101011000010011011
111110111000000000
101001111110000110
110011111100001001
100110101001001001
110110100001100011
110110111010101000
110000001111111000
110100010111011001
110010101110100111
111111100010101100
101111000001111110
101101100101010010
111010000011000010
101000111010000001
111111101101110101
100110100000010100
100101001110111100
101101010100011100
100101001011101101
111011010110101100
111101110101111111
101110101011101000
111100110000100110
100010001111110110
100011011111011110
110110111111100000
110111110100011010
101100010110001110
100111000111010101
111100000010010010
110000010100001000
101010010011011011
110110110011001011
110101011000100011
110010000101001101
100110111100111100
101111111001001100
110110110100100101
111010010000001001
111010001001110111
101010101101101010
100011001111100000
111001111001110010
101111111100011111
110100101011011000
111101010110011101
101000110101010100
101111101010001010
100000000001010110
100000001011010001
101101011000001101
110010101001000010
100010110000011010
110100001101010101
100011111001011001
101101111011110111
111110110111110000
110000001111000101
110000001101110111
111111000101010001
100010001110001110
111000100010101110
110111010100111011
110110001001100110
110110110111010011
110101011111111010
100001010011011010
111010000010001011
100111110000101010
110100001110011111
110001101001101001
101001010001100001
100001011100101101
111000101110011001
101001101011100011
100100001000001110
101001101100101111
100111110110110000
101001001010011000
100011001111101000
100011011111100000
101110010100110111
111000101100000000
111010010001010010
111011100001100011
110000101000100001
111010000101001111
101001010001100111
111000001001011101
110001111101111010
111101001010010001
101010000100100001
101011101110100111
101110010011110011
101101001101111101
101110100011111110
100101000001010011
100101001000001001
110010110111101110
110101011000111001
101110101101101010
110101000000101011
110101110011000111
110001100101001011
100000010101001111
111111001011101001
110110001000011101
101111111101011110
100101000101111011
100111111110101010
110101101110011101
100010110110111111
110100111111001101
100101100000010100
100000100000010000
100000010110011011
100111100000011011
111010110101011000
111100001100110000
101100000001101100
101100010100110111
111110101110001010
101101100001111110
110011110110110000
111011101000010000
110100000110001000
100001100111110110
110000011010100000
100101100001001111
101110100001110110
110101100001100110
110010010001110010
111101000100111001
111001011010100001
100011001010011000
110110001101001010
110000001000000001
101110100111000011
101110111111000001
100011011011000010
101101110110000111
110100010011100111
100000110110011000
101000110111000111
100101110110000011
101110011011000000
111111000010101101
110110010100111110
101000011100000100
110100100100001110
100110101000010110
100100101000000000
111001111010110100
100110011000011000
101010110011010001
100001000010110101
110110100011010011
100010101101101000
100110101110101111
101100011000001111
101110110001100011
101010010111110111
111001001101010110
100101010011011110
111001010111000111
110111110010000100
111100111010111110
101001100011000110
110101011101110011
111000101010000001
111110010100001111
101110011011111100
110000101010011110
100000000110011101
101100000000101011
110010010101011111
111011100000100010
101111011000101110
111111011101101101
111001101111010100
110010100011101001
101010001001000001
110100101110010101
111110111111011100
111011101010000001
100100001100101111
111010010001110000
101001111101100000
111100000000110001
111010011010101001
101011101000011100
101100110100011010
110101100111011010
101101000011000101
100111100001000111
110010111111011111
101100000110000111
110000010000111110
111001001111100100
101010011111111101
101101001101000010
111101000110001011
110111010100100100
101011110001110110
101100100100001101
100111101100000011
110011110001011100
101110100010111111
110111100010000110
111010001100001100
110010110010011100
100101111000001101
111110101110100010
100110100010100001
110100111010100100
111111010110000001
110001100001001101
111011101100100111
111101101001000000
111011000100011100
110100101010000101
101111111100010011
101100001111011111
100001111100000110
100111110111000100
100001110111111000
101100111101100001
100110100000101111
110010101111011000
111100110101011011
111000101111011010
100100100001111101
110110100011110010
100010100010000110
111010110010100011
110010111000011010
110000011100000011
100011110000110100
111111000010011010
101101100001101101
110010010110100010
110000011110000011
111000011101001010
100011111000000110
111000011011111100
111110100101100001
100110101001010011
100110000000111011
101110110110011010
101110100111101111
110111001110010100
100000100100101000
101111011100110110
101011001000111100
100111001110110101
111010011101110110
100000110111011101
110010011000110001
110110111111001010
100011001111000000
101111110110100001
110110011111111010
100001101001001101
111011100100011010
110011001110001110
100111000100010101
111001011010101110
101110000011110110
100100010001110101
100111001111001101
100000000000010010
100101110101110101
101110001111110000
100111100110101011
101101001100000101
110010010011010101
111010111100000111
100001011000011110
101010100000000110
111001011001110000
111000100100101001
110110000111111100
110010101111010001
111010111111010001
111110010001101110
111101011001001101
111000011011101001
100011010100110011
101010100111110111
111000110010111011
100110001001010011
111101001111011010
110011100010100000
101010011100001100
100100110011111001
101001110011110010
100001000000110001
100000110011000111
100001011100010011
111010101110010001
101011000000100100
111010001000011010
111101010011100000
101010100110111110
100101000101011100
111000011001101110
111110111101111011
111111010110101001
101110101000001101
100000001010010100
100010001011010101
110011000110100001
100100111000110100
101101000110101010
101111000011000011
100000100000110000
111110100111110011
111011001110010110
100101100010000101
110000110101010110
110101111101011010
100100000010111100
111010111010110110
101110011101011011
101001010001001001
110111111101011010
111000000111001110
100100111001001001
111111111010000111
111110000100100110
100011010101011111
101000101001010110
110101010010001101
110000100110000011
100010000010001001
111010111000010101
100100101000000101
100111110001101010
111010010011010100
100010100110100100
110001110111010001
110111000110011000
101010110011110101
110011110011011011
111111000111111110
100001111101101110
110101100010000111
110011000100010001
101000111001111111
101011101011110100
101100100001101100
110011001110011101
110111110011111111
101001010000000000
110101101100000100
101100100000011110
111111000001010010
110110001111100100
110001010001010010
110011011000110110
111001010110101101
100110001011110100
100010001111010011
111100000011101000
111001000011111110
100000100100000100
101111001010111110
101101111000101111
101010000001111111
110000011100010011
101011110111110001
110001111011101011
111000101011100001
110010101101100110
101101000011101101
101011111001110000
100010001011111110
101000000001111000
111111101000111110
100010010010001001
100111011010011101
100100111110011011
101010011010001100
100111001010110000
101000100100011110
111011100111111100
111111110111010101
100001011110011111
101111100101001100
101010011011000101
111010011100011010
110111101100001001
111000010011001000
101110100111110111
101100100110100101
100000010101110000
111100010111101010
100000101010111000
101000010100101111
110111110000111010
100111000010010110
111110010001010110
110101011100111101
110100010000010110
101101101001110111
111111001001100100
110000111010100011
100101001000011011
101110111111101000
110010100111111101
111001001011001010
101101000001100000
101000100000100000
101100001001101001
101100000010001101
100010011010011110
110111110011011101
100000011100111100
100101000000010011
100110000111001101
101101101111111010
101011101101000110
111110100000100001
110111110100000010
101111110001010110
100010011010010000
111101011101000101
101011010011101111
101010000111101100
111110001100010011
111100011010011101
101011001001110111
110110101100000001
100101100110111000
100011111111111000
110110111100010110
101101011001000000
111100100100110001
100101001100111111
101100101100010111
101110000110110001
110011100101011001
111010100111001110
111001110100010110
110001000111001101
110001110101010001
111001001011010001
101100110001010011
110100000001011111
110000111101100111
101001110010110000
111101010100100001
111111001101011000
110011101010000101
110011110010010010
111000100111110001
100011111100000101
110111101000110000
101010100110000011
111110010010011111
110101000010101101
111011110010011001
100010011101000100
100001100010101011
100011010111001111
100101010011100111
100001011001101111
100010110010110111
101001010111000011
111011010110100111
101110101001111101
100111101001111001
101101100000000111
100100110101100010
101100101011010111
111100111011001100
111100111000001000
100001000110000101
100100110110001001
110010011110001111
110000011010001110
110000011100101101
110011110101101101
111010100101110001
111000001111110001
110100111111011111
101000100000010011
101101000011000101
101101001011001011
100011100000001111
101110101110011010
101110010110010010
111111001001000010
100011010000011111
110000111000101001
101110111111010110
111011100101001011
110110111110010011
100011000000111000
110101100111110101
100101100011011011
101110101111011101
100010110111110001
110101111110010000
110011111000011011
110011110110101100
111110011111011101
100110001110010011
111100001101101011
111100101011010110
110110110000010111
111111101001110010
100000101111001110
111010011101100100
110101000011110111
101010101000100010
111001000011001011
100001101110011111
101110010100110110
110000101101100010
110101100100110101
110011101111001001
101111100100000100
101100011110011011
101001001001110111
100001101000101111
100001010110101100
110101000111000111
111010000010001001
101010100101110110
111011111110101110
101111100110111010
100111010001110100
111111011010110011
101010101101100011
100010000010101001
111001010110001010
110101000110011100
100101000000101010
100111110011001011
110110010001100001
100100000010100000
101000010001010100
101100101101000101
110000111010000001
110000101010010001
110001100010001101
111100001001110011
110100011010000001
101011010000111111
100110000110111001
100111110100111000
111000111110110111
100111111101111111
101100000111111101
100010100010001011
101110010111011000
111110100101111111
100001011001101111
111101101100010100
101011010011101010
111001011110100010
101110011000001010
100001011100110101
101101100111111010
111000000111100010
101110101001000100
111000000111010110
111111100111010001
110000011110110001
101111111101110000
110101010110101111
100001011001001101
111111000100001111
111001010100000111
100001011011000110
111110001111000001
101010101100110101
101100001000001101
111011111101101000
101010110100000101
101100011010100011
100110110010110110
101110010001011110
110000010000101111
111011110101101110
101010111111000011
110010010010110101
100000101111110100
101100101010011001
101010101100001101
110000101110010111
101111100111101010
110000110110100010
110000011010010101
101010001000111011
110000101101100010
101110010001010110
101010111110000110
111100000110001101
110101100101100010
100000010000100100
101100110011010110
110000111100101111
101000000100101101
111001101010010110
110000010110111101
101001001101001101
110010100110101010
100111111000101011
101111001111100111
110000110101010011
100001110110011111
110110001000001000
100010100100000110
111111001101001111
100111011010101011
110010011110111111
111011100100111001
101110101000100111
101110101101010100
101010101010001111
101101011110010000
101011101000100001
101001100101001010
111100011000110000
101100100111001000
100000111011011001
101111001011000111
111101100010000000
110100001010111101
110100011011010000
100101101101010011
101000001001011101
101000010111001100
111010110010101001
100101111000000001
110110000110010010
110101111110011110
100000000001101000
100100011010101101
110001100000000001
101111110100101101
100101000001001110
100001100110100011
111110100011001000
111011100001101010
111010011111011000
110010001010101001
110110010100000101
110100101110100001
101001110111011101
100011010111001111
101001010000001000
101100001001101001
101010110011011010
100110110000110100
101000010100011111
100110110110110001
100000100111101110
101110010100011011
110010110100100100
110001001100011110
111011110111111100
100100110110010100
101001101111010011
100011111100100000
110101110010000000
111111111001010010
111001110001111010
110001011110100111
101110110110001101
110001010001101000
110001001110100110
111100001110111001
110110100010011110
110001111000101010
110001111001000111
100011111110101001
111001011100111111
110000111111111110
100110101011000111
100000000110110001
110010110000011001
111110100011101111
101011110001100011
111010101101111000
110001001101001010
101000111010000111
110010001100100110
100001000111011110
100010010000001001
101000101000111111
110010111100001100
100100001010011011
100111010101100100
111000110010111011
111101100110000111
111010011010010101
100110001111011110
100101101001001011
100110010100010000
111111011111001100
111010010111001110
110010100011001100
110001000100101101
100110110001111101
101011101001000111
110001001111000001
110000000001100001
110101011100110000
101000001011101101
110000000111011110
110011011101000000
100110010101110010
101001110011011001
101001010110001011
100100100001011000
111001101001111101
111010010100110000
110001011000110010
110111011101111110
110011010100101001
100111101001000110
110100010000101000
100010100111010111
110110000000000110
101001100011000110
101100000010011001
101111101101011000
111111010010110011
100100110000100101
110100000000011110
101101011000101111
110100001111101100
101110011010101101
101010111110100100
100110010011000010
100001010100010000
111001011000001000
100110111010111110
100001110010000110
111011100000011001
110100000000100011
101100000000001101
100001000111010011
100010110011011111
111101010011001000
100001110110011011
100110011000100011
100100100100111000
101010111010011001
111010111001011100
100001010110001101
111100110010101010
101000010101011101
100101001100000100
101011000100010000
100000010011001110
101001100010000001
111110110111001001
110100000100110101
110010001011010001
111010011001101001
111001100011000111
101100000000101100
100010111001001111
101100000001100001
111010110011111010
100011101000111011
110100110011001011
111010000001001110
111011010010101100
110010001111011000
100000110110110100
101100010011011100
111111010110111011
101000111111001101
110110000110010010
111100101111010111
101000110101010000
100101010010101100
111011000000001000
101011000100011110
101001100100101111
111001111100001100
111101001110000110
100111111000100001
110000011010101001
110111101000110000
100000011111101011
100111010001101100
111010100110000010
100111101001010111
101100000110100111
101011011011100000
111010101100111010
100000111010001001
110010011000001100
111101110101101110
100101101010111101
110111111010000110
110110000000110010
100001000101011111
110001010000000001
101100101011111011
101001000100100000
110111110011101100
110100111101101101
111000001010111110
101000110110101001
110111011111100100
111010011101010100
110111011010101101
101000010101111111
110000101101100010
101100011101011000
111001001011100011
100111000110100000
100100011001011110
101011010001000011
110110110011011011
110100110111010111
100100111101101100
111101001111010110
101101101001110000
111010111100011000
101001000101011010
110111010101011000
111010100001110010
111111101101000010
101001101101011110
110110110111111110
100001011111100011
111111111001010000
100110111010111110
101110000011000111
111011000101001101
100110010010100010
101000011000010000
100110001010001001
100010101011011011
100101011000010100
110000010001101110
101100001111011001
110011010110000001
101100101001110101
101001110101111111
110110011111000110
100010010101010101
111100101100000100
101100111110010001
111010011011100011
101111101001010111
100011110010011000
110100010110010011
100100010111110000
111001101000001010
100011001011000001
100001110001101000
110010000100101011
100001110011111010
100110011110111001
110100000000110001
111010001100000001
100101111110100100
100011101000001101
110010000100001010
111001110010000101
101100111111000110
111111011010100111
101110100111010100
101101100111111101
101001001001101101
101010000101110111
110011010111100111
110001110001100101
110010100110011011
101010011101100111
100000010100110011
111101111010110101
100111100110101111
100011101001110011
111110101101000011
101100100000111110
100000111011011010
101101100010011100
111011111100001011
110010110110000100
110011111000000110
111000110010011111
110000000000010001
100110111001001101
111110100001110000
100110011010111011
100100100110001011
101010100101100101
111010111010101100
110101101001100100
100001001000000000
100001101100001001
101110011000001010
100001000000110100
100000111100001111
110011000101101101
111000010100010101
110101000100101111
111111011010000100
101101011111101001
100110000001110100
100000011110111111
100110111011110110
100101000100001010
100100000011110000
111110001110001010
110001010001010101
100110101010111101
100010110000011111
101010001101000110
111111111011001001
111110000111101001
101110010111000001
110111110010100101
110011100010001010
110010101000100101
110010010011111011
101011100000110001
100000100011001110
101000110111000011
110101011001111101
100010110001001010
111110110011000001
101111011111101100
100001101011100011
111111110110111011
100001110000111101
101010110011100101
111110011001010001
100100100010001111
100010110100011100
110000111111011110
111101111110011001
110111110101110101
100001101101001110
101110000101101101
110011110001101101
101000110100111011
100011000100110010
101000001101011100
100100011100001010
111101001011000010
110010100000101010
111010000010110010
100111111111011110
101100001011111010
110011001010010011
100000111011110011
110000011101010001
110001011010100011
110111101000111001
100100101100110001
111100100100000111
111111001011110001
100101110010111101
111011110101110100
110000001000100001
110111110100011000
110001011100010100
100101101100011010
100001111111010111
101111111011000100
101010101100001111
111111000001001010
111000101101000000
100111010000001100
111101100101110111
100100101001001001
100010100001101011
110001100011001011
100101011000011011
101110110101001111
100101000100101101
110010000100100011
111010101000111000
100011011001101011
101101011101101010
110101001001011010
100101111110001100
100001110110011011
101001010111000100
100010000100110100
110100100111101011
111110111100101110
101000100111010000
110000111001111111
101001000000001110
100101001001110111
101010000101000111
111111011000110010
100111011000000110
111010010000100010
110001011010000001
110010011101110100
111101111001010111
111010010000100010
110110100010111100
110001010001000110
111110101101010001
110110111010110010
110100010010110100
111111010101100011
111010110000000011
111001000111100111
101001011111101111
110101001000111000
111011010001110011
101110000011001111
100101100100000110
111100001000001010
110110110000011001
101001111100010000
111101001110010110
100000010110101111
110100011011100000
110110100101100001
111000001111010011
110100000101111011
110001100110010100
101001101010101011
111100011000010011
110110011011100000
100110010100011110
100111101000010011
111011110111000011
111011010010111111
110011010001010010
100101001000001111
111011010101011011
101100111000111100
111010011101010000
101100010011100011
110010000010011100
110101000100100111
100011110111010000
101011010001000100
100100101010101111
100100111101101110
100101011111000011
111110000001101011
111000101011000100
110010010111100101
100100001010010011
110001010000111111
100000000000100100
100101111110100101
100110101001010101
110100011010001110
111111100101011010
111110110100010011
111000010111001101
111001000110010001
111000010111010010
101010010111011010
100100111000101001
110011001111110101
101001101110111001
110000101001010111
100101100111100001
101100000111101010
100101011101011110
110111001110101000
110110100000000100
111101100001101110
100111010011010111
110010010111010110
101011110000110011
111111101100111101
101011110001000011
110100010000111001
100011111010011101
110101000000010100
110111101101111000
