101111001110111110111
100000111110110010101
110100111001000110010
110110011000001100101
100001110111101101010
110010100011010110000
110110011101110011111
100011110100100001111
101111111001000011111
100000110011101100111
111101100100010110110
101110101111000010001
110101000111001111001
100100000001110001100
110011001000100001101
101000100100010101111
100010000110100100100
110100101101110010111
110010100001111011001
101011000101011000000
111000110111010000111
100100001011011000110
101101110011000101000
110111111011010101101
100000010100100000000
100100100000000100100
101001001001011001010
100010000000000010000
101011000001101110011
101111111101001111001
100001101011000000010
101100110001111110110
100100100100100001001
110001001000101011110
101110010010100010011
100000010010001000000
101011111111010011100
100000010110000100000
100011110000100010111
100110001111011110010
100010000000010100110
110100001100100000011
111101010000010100001
101110001100110110100
101111110110110011110
111111111010011110010
111100100101000100110
110000011011011011101
101101011010000110100
111100010000000100111
101110100100110111010
100011111101010101011
111010100000010000111
111000000100100101000
111111001011111000011
100100000000000100000
110110100010010000001
101101111110010001100
100100000000000000100
111100011010100011011
101011101001101001011
100001011001001000010
100000000100101000001
101111100010111111101
101011010000110111011
111111100110000100010
100010001010001110001
100000010100000011000
110011100100101001101
101001001001000010010
101000100001001010110
100000010111000111001
101111100011010100000
110101010101111100111
110010011000000000011
110101011111000101010
110000001010000110100
111011100101000101101
110001101110100000111
110101000110010100100
110000100101010001000
110010010100010000011
111011101001100100000
110011110101000001110
100111111011011001111
100000000100100000000
100101000111000110010
100110011001100011110
101100011110111100100
110000001001001101100
111111100100011110110
111101100110111001111
101001101011101001111
110101111111110001000
110111001001010001101
100001001001011101100
100100010000001001010
101001101000100010010
101011010110110100100
100110110100100100001
100011100111110011101
100110100001010110110
101000101011111111110
111100010101101011001
111110010001101011010
110101000001010011111
110000001001001011001
110101101011000001000
110111001000100010001
100011000000100100101
100001010010000000000
110111000011011000000
100110111111001000110
101000011000010001001
100000100101100110010
111010010110100100110
100010010100000100000
100000000001011000010
110101101110010101000
100000000100000110010
110011001110000000001
100000100001101001001
100111001000101011110
110011010111010010010
101010001110011111011
111001011111100110110
101000100001110000001
100101110001110010000
110000111000001101000
101001011001001101111
110011011011111111001
110010010010000000000
101000000000000001000
111000111010110100001
100011010100011100111
110011111001110111011
111111000110101000000
100000000001010010000
100000101110100010010
101000110010100001101
111111001000111100101
110010110111001001110
110110010111111001001
100010001101100010111
111111111101010000110
100000101001000000000
111100100011110001111
111111000101111111010
111011011001110110111
101000100010000001011
111011110101111010100
111001101100110001100
100101001000000101001
111101111001110111001
100101000010010000001
101000000000001000000
110000001011100011000
111001000000100100000
101011001000000000010
101011101110011111111
111111110101000000011
100001001010001101011
110001000010010101100
110000010000010000010
101100010000000101111
110001111000100011100
110000001000000101010
110000010000000000000
100110010100001111010
110110100010100010100
110011101111110110111
100000111110001101010
110000100001010000001
110000110100100100000
100111110110111011010
101100100100001001001
101001011001100100000
100001000000000010010
101001000000001001000
110101000111001101111
101100000010010010100
100001101100101111110
101001000010010100110
100000000010110000100
111101011100110011010
110100000101001101110
100000001001000000000
101001001011001000010
110111011100111111110
101110111111011001110
110100000010000001110
101001111010100000111
101000100000010010100
101100000110111000101
111000111101111001000
100100000110010000000
110110101111010001111
101101101001001000010
100110010001000010011
111100111011111010101
101101101000100100010
100111011000100000011
100011000010001011010
110001010110101100100
101010011101110000110
111011111101100110001
110100011100111110110
111011011001001010000
110000001111100011110
101001000010000000010
100000000001000010010
111100011100100010010
101101011011001011100
100010111111110100111
101100110011000111100
100010000001001011001
100110100100000101101
101100100000000000001
110001000000010110101
110000011001000000000
110000110000100010010
100000001000000000001
111011100100101000010
100000000010100100000
101000000100000010101
110001010111111111100
100000100000001001001
111101011101110011000
111001010000111101000
100011100000110110010
100001111011101001101
101000001000001000010
111010001001000101101
101001101001001101111
100101000001000001001
111100001000111100100
110010010010010110110
100101100110010001001
100000000000001010010
110010001110100001010
110010010000100101101
100000100101110100100
111100100010001010110
100010101101011000001
110000100010110101001
101011111000101111101
101110100000011111011
101101001001000001011
100000010010010111011
100000001001001001000
110001111110101010001
110010010010010000000
100000010110000100000
111010000000010010000
110101000011001010011
111100110000100101111
100100100100100000000
100110000100010110100
100000000000101100001
111110110100001100011
110000000000100100000
110110011101101100010
101000010010101000100
111001100001001010111
100000000001001000000
101110110001000000001
100100101000001000000
101011111111100011001
100100011001000100110
101101110010010100001
100100011010100001110
111011011111111101100
100000000000000010010
111110101000000100111
110010011011010001101
101111100001100100011
111110011000010010011
100011110001000110001
110111010010110010110
111000111111010101100
100001100001000101101
100010000100101010001
101010101010100101010
111011101000000111000
101110110001000000110
100010000011001000000
100100100101100100001
101111101100110011111
111110101001111010111
100000001000010010000
111010001011010011000
101101010010001110001
111101001101001001010
100001001010000010000
110101110111001111011
110010010000010000110
110000011011100011101
110010011011010010110
100001000000000001000
100000000000010010001
100100001001000000000
101100010101100011110
101011101000100100000
100110000100010110100
101001101101000100110
111101001011001001010
100000001010010000000
100101101110010010101
100101100100100001000
111000100011000111011
100110101000111001110
100000000001000001000
101001101101001001010
101001000101011010100
101001000010000010100
101110100110100100101
100010000111000001101
100011000010001001110
100000000001001000100
110101110101000111110
110111100110111010000
101000000101000011010
110000010000110100000
111010111010010110100
101111100111011111110
110110101100000110010
100001011100011100100
110101111100010111010
101100101000011110100
110110100110100011101
100000000010010000000
111110001101010001001
111000100000001011110
111010010011011010100
110011000010010100111
111001100110001111000
110110001000000010011
100100100000100000101
101000101101011011000
100101100001000000000
110110110011101100111
101001011001000000010
101100110111001000111
101000000000100000100
110011010001100000110
101101000011011100101
110110111001001010100
111011100101000101101
100111000110011011010
111111010011110101111
110010010110010000100
100111101011010010111
111011110011101111011
110100010001000000001
111101101100111011111
100001011101000100100
111111111010100000101
101101000100100001011
110111010011010111111
100100100010000000000
100001101110011000101
100000101100001000000
100100101000100001111
111010110100001101000
100101010001100101001
110011010010000010010
100000000101100001000
110011101111101001111
110010001100001010001
101000011110111010001
100100100110010100001
100000000100000100000
100000000001001001001
110100011100011001000
101110001100110011011
111010101010111110111
101110011000101011011
100111101111001110110
111011111111101010110
111000001101110001010
110110110100110100110
111111000110111010111
110011010001000100100
111010010010010010000
111011101101011010111
101010000010100110111
111111010101010111001
101001001000000010010
101100011000110011000
100100000010111000110
100010000100100000000
111001100100001111110
100000101000011000010
111110001101110100111
100001011101100000001
101101001100010010101
100010010000000010010
100100000010100001101
111011001110110001110
110110000011011100110
100000010100001100001
101000101111010000010
110001011111111010111
110100110101110100011
110111001100010101001
101000100000000010010
111110011101111110001
100100011111100001100
100001011000010000000
100001100100000010010
100010000000000000010
111100001010010000110
111111010111001011000
110010110010000000100
100110101110100101101
100000100000100000001
100111101110100110100
110001011000000010001
100100000010010110010
111111111000110111101
101000110000001001011
110110101000111011111
101101001101000110011
110111000111111011001
100111101110011111111
100011011100110001010
111001011101011001111
100001110000011011001
110100010010001010011
100101000011000010000
101001010001101011000
101000010001100110010
100110101110100110101
100001011111110101000
101101011101001101010
100001000000101110100
111101001011011100011
100001000011010010010
100111011111101100111
100100100000000000000
100011010110100001101
101000000010000000010
101110100101100100101
101100100100001111111
110001000110001111111
110001001111111000101
111010100111100101101
110100111101010000111
100000000000100001001
111010100000101001011
100000000000010100100
110100010000111000100
100111110001101010000
111010001011111111001
111101010000001000111
101001001001001000000
100101011010110000010
100011101011101110011
101110011111001110100
110001100110011000011
110111101111111010111
100100010000100101011
100010000010000110100
110110000100000000000
101010000100000101001
111010011010001100110
101010010001000110011
100100000100000000000
101000001000001000001
100010100011100011001
101000000100100110110
101111110010001111011
110010010000100000100
100100011110001000111
101010111111111000100
111010010010000010110
111011001111001000010
101001101011101001001
101100101111110011011
110010000010000010100
100001000001000011010
101000011100000110100
100110100100100100100
111110100101101110101
110010000010110010110
101000110101101000001
100101000011110111011
110110101101101001000
110101100111010111000
101000011010010010000
110111110100101101011
101011111100110000110
101100001000101101000
100000000010000011001
110111000110011001001
110000100101001000100
100000010010010010000
101101010111001000000
101111111110101000011
100010010101000110010
100110001111110101011
101101011000001101101
101000001010011010101
111010010110010011101
111111110100111101101
101001001101000100000
101000001000000000000
100000000000000100100
110000000000000100100
100110111010000001110
101001010000010000000
110100110100011000101
101100100110110100001
101101100101111110000
111001100100010000010
111101100010000000010
110111111111000110010
110101100000110111101
100011001010000111101
110100100100000100101
110000110111001100110
101000000111110001111
100100100001000000001
101001110001001110010
111010000001111100101
110010000001001001001
100000100000110010000
111111101010000001111
100000001001010000010
100000000000000101001
111100011001101101000
100000100001001000000
101011101100010000010
111111001110111111100
101001000010010001000
100101011111000101001
110001010010011010110
111111010010110111110
110101000000100000111
100010010010010000000
101101010001110011100
111011010010010000100
100000000010010001000
100011011001011111100
110110001110101110010
111000101111111101111
100000000000000001001
111010011010111010101
110010000000000010010
111011010001001000100
100100010101110001111
100010000001011100011
110010110011001000000
101111101010000001100
100000010110001110010
111010000101010101100
100000000100100100100
111101100010000001100
101100001000000001001
110010010000000100100
101101101111111110110
100000101001101011101
110011101100010000101
100111110011101111111
100010000000100100100
101010110101100000100
111101001111010100111
100110001010110001111
101100011111101010110
100001000001100100000
101001000001000001010
101000101000111000100
100000100101000001000
100000100000000000100
111001000101011111001
101101001100011001010
110100101100100110011
100110111001000100011
100000100100010000000
100100000000010000010
111110110011011100011
100100000000000101101
110001000100000010110
110111111111010100101
101000000000111101010
100000000101001000000
101000011011100110011
100110111001100010100
110101100011101011000
100011000111101111001
100000100100000000000
101110111110100101110
101010111110001011101
101001101000110000011
111100111111011011110
100100010110101101100
100010110000100000000
110011011010001001100
101011011100100101010
111001110111111011111
101011101001011001011
111011101001101011011
111010000011111011011
110100110100100110011
101000001011001001010
100000000010000010000
111011000100000010001
110011011010010010100
111000110011011011001
110010100010000111100
101101111111110101011
101101001001001001000
101010000111101110110
110111111001100001100
100111111100000000001
100100010001010001111
101001001000001000011
111010110110100110010
110001010001110001000
100111111010000110000
100010100100000000000
110110010011011010100
100010010110011001000
101111001010001001100
101011011010011010011
100110110111111111011
111011100100010001100
111110101001110011010
110001000011100000010
101110010001000101011
110001001000010000110
100011110111010011010
101111010100000101010
110000000000010110100
110100000011111000011
111101000000001011100
100101111101111100010
110001100000010010110
101101000110000001010
100100100100001000001
100100010000000001001
100000010010011010001
100100000000001001000
110001100011110111000
101111111110001101101
100010010000000000000
110111010000001111001
101010010000001010010
101001001001001011011
110010000100101001100
100100011000111101110
101001010010000001000
110001000000101110101
111110111100111011000
101000000100101100100
111110110100001100011
101011000010000000000
110110111111111010001
100100001101100001111
100010000010000000000
100100001001010100010
100100000010010011011
110110001000000101011
110011001100011111001
100001101110001100110
100100000000000001001
100011010010010010010
101110001110010001001
111110110110011101011
101000010010100100010
111001101110010001110
100011011101000000111
110100100000000000000
111101001101011101110
100011000100111101100
100100100001000001010
111101000000111110110
100111101010111010100
100010000000101100011
100000011110101001100
100110110010111111000
110101110100101100001
111111011001101110101
100000001000001000000
110111100111011111111
111110011101111101110
100011001000000100100
101111000000011111011
100000001011000111001
101111101001011011111
100100101000110101100
100100001000000000001
100100100100100100000
111011100111111011101
111001001000010010010
111010010011011010100
101010110001110101100
111101100011111110111
100101110110001000001
110011000111111010001
111110001000110001000
110010111111001100101
110101110100110100001
110010010010110010100
101000001000000010000
111111001100001001101
101010111011010101101
110001101010001110111
100000010000000000010
100010111010001001000
100010100001100001000
111001000100010100101
101001000100000000000
101100111011000100011
111001001010001000101
100110000100101000111
111011000100000001101
101010011010111010000
101111110110011011111
111000010001011010000
111101011001011110100
100000000000100100000
100000010111010001001
101000000000001011010
100000001011000010000
101000000001001010010
110001101111110010101
100101011111111100010
100000000000010000010
101101110010001000110
111110101010101111011
101101011000001000000
100111001111100111010
101101011011010011001
101101101100101111100
101000100100001000011
101001010001000011110
111000110101000111111
100100101100100000001
100101001101001000000
100100100110100010000
111010101001111100110
101110100010010001001
101000110001111011100
110010110010011011110
110000000000001001100
110001000000100101000
111001000000000000010
100001101001001001001
110010000001010000010
101000101011010110010
111011001101110010111
110110011001010101011
110000111101110100010
100011011110100011111
100100100000001000001
111000111010111011010
110001001010101011100
110101101000011011001
100010010010010010000
111110010001111000011
101101110001100110000
100000100100100100000
100000000000001001000
110010100100000010000
100011001101101111111
100100101100110010000
100000001001000100000
111001001101101000010
111000101011000111100
100011001100110001111
100101001101011101000
100111010111011100110
101011001001000010000
110001101101001010100
111000111011101110010
101010011010010000000
100000100100101110110
110100011001010000010
100010100110100100000
100000000000001001000
110111111110100111000
100000000000001000001
101011001010100110011
110000010000000100000
110001111011110011001
110010010111011000000
100000000101001101001
100001000001000000000
110110011011100100111
100000000100001001000
100000100011010111011
100001001001001001000
101001011011100100111
100100100100101100101
110001110011111001010
110100011000000100001
111000001011111100011
100110111000110011000
100110110011011101110
100001001001101000100
110111110001011111010
101001001011101100000
100010010000100000101
111100011010111000111
100100000101100100101
101110010001010111100
101110010101011010110
100100000001001001000
110010000000000000000
101101010000010110000
100001010110110101111
110001010101010101101
111011110101011111111
101000101111010000010
110000000010010100100
100000010100110100100
101001000001011001011
110100110101110100000
100110110111011110111
111110100000110001011
100110101101111110111
100011111000110101000
100110101101000011010
100001010011010010000
100000010010100000100
101000000000000100110
100000100100110100010
100101000110101101001
110100000100000100100
100010110011011000000
110000100101000110001
100110100011000000101
110110011001000100100
100010111000111001000
110100100100100101001
100100000100000100001
101011100011100100000
100011100100010101111
110010000100000000100
101010010000000000000
100010010001010110101
111001111100111011001
110101010110010100010
111100110001010110110
100110001100000010100
100000000010000100100
101111011101001101000
111111101101100111100
101000000010110001100
111001110110001000110
111000111010100110000
101010111110101101010
110000100100000000000
100100000010111010000
110010001000000000000
110000100000000101101
111100100010101111000
101010100011001010010
111100010101101011001
111011111100100011000
110111010011010010110
101000001100100000000
100010010011010001000
100101101011011010010
110001101011010000010
100000000000101001000
110101111000100001000
111000010010100011100
100100010101101011001
110011011100100010101
110000010100110101010
111110001000001110000
110010010010000100100
101000001000011010000
111011001011111100000
100011011100011001100
110010001111000100111
110010001000010010001
100100001101001001000
100000100100100100100
101000000010010010000
100101000100001110001
110011000101011000011
111110001011111111101
110010000011101010110
100000010011110100010
110000000100100100000
110010001000101000011
110101101101001101101
110000100000000000100
100100110110100100101
100010110101101101001
100000101110001110010
100000001000001100100
101101100111011000111
101000000101110100000
101111110101010101100
111000111001000101101
110011111101101100011
100100000100000001000
110000010000010000100
101001000000101000001
110010001010000001111
100100000001000000001
100001010011010111010
110000000000000010000
101110101110111001100
101000000111000000011
101010001110001100100
100000000011101011011
111110101001111010111
110001100101000011010
110101100111010111000
110111011000100000100
100001001000100000000
110000000000010000000
101011010110000011001
110000010110010010100
101000111000110011001
111101000100100010010
101101000100010000010
101010000110000100000
101110111001111110101
100101110100010010000
100001111100011010100
111101111101001011100
110001010110001110001
110001110001100110010
100101100100110110101
100010000000001000001
100010000000000100100
100111101011010010111
101111000100011000100
100010101111111110001
110111001111110110011
110110010010000100000
100001000101101011011
100000000000010010000
110100001101110011101
100000010010000000000
111011010011010001010
100100100001001010011
110111111001000111001
101011011000110111100
100000100000010111010
111110101000001010100
100000100000100000000
100000000100100010000
100101111111101001110
110010000000000001101
101100100110101001110
100111101110011111111
100000011111000110101
101000000000010010000
111111111100011011010
110100110100100000000
100011011111100100011
111000001101100101001
100001000000010010010
100000010000100100000
100111000001101100100
100100000000000010011
110011010010011011110
110101010111110001110
100101001000000000000
101111110011000010001
110001110010001010011
111100111011111101011
101101001000001011010
101001110010011010101
100100110100010001001
111010110000011011010
100000010010110011001
100000010000011001000
100110010000001001000
100000010000010000000
110010001010111111011
111001010001110011010
110010000000100000100
111010110010100000001
100100010100011100010
100111100010001100010
101000010000000000010
111101110100110101001
100100100100000001001
110110011101100010101
101100110110111111100
101010000010000010010
100110011011011111110
110111111011001101011
101000010010000000000
100000000000100100010
100100001001010010001
100000110010000001001
110110101111010001111
100111101010000010101
111111010100000010111
100010010001000000000
110000000001000001000
101100001001010001110
100001001011001100100
100001000010010000000
111101110011111101010
111010001000100000100
111000100000010111110
100001001000000001001
110001001111111000101
111010111011100111001
111011100110001010000
100100100010101101010
111001000100001001100
110000000101100011000
110101100011000100011
110001011010110110000
100010010010111011000
101010101111100010101
111010010000010110100
100000110111000110011
110110100001101110110
101100110010001000001
101011000111010111001
101101110100000011100
100000000010010010010
111011100011001100000
100110100010001000001
101000111100010001110
110001001110011000010
110010001010110101000
101100100000010010000
110110100100100000001
111001000111100010111
101001000000010000010
100100101010001100100
111100000110110010000
100000010000001011101
110000000100000000100
101111011110011101100
101110100110101110111
100011011110100011111
111001100110110110111
110001000101000111100
101110000011011001000
110000000010100110000
101100011101011101101
100010000010000000100
110001000000000100100
100010100110101110100
110000001001011001000
100100101110110001001
110100100110110100001
100001000000001010011
110001010101010101101
110101101011010100001
101011001100100010010
110001111100111110100
100000010010010010010
111111011011001110001
110100100000101100001
110110010000000000100
111100011011101000111
101010001100101000001
111101111110110011100
101000111001111100101
111010111010011010100
101001000000000000000
101010000001000000111
110010011010001000000
100000100000100001101
111001110000011011011
111110100111101010111
110101010110010100010
110000000011111110011
100100000100001101000
111000111010110100001
101001001001000000000
100001001000000000000
100001000001000000010
111000110011001100101
111000110111111001110
110100010010000100101
101100011011110010100
111001100101011100111
110000110010111011111
110000011011001011011
100000000000100000100
111100001111010111101
101101001001101101010
111100010001100011001
100010010100100000010
101000000001010011000
111001111110110110101
100000111101000110101
111101010101011111111
100000110110010111111
100010001100011110111
100010000001101011111
111011111010010110001
101110011111101101111
101010101011111000111
101010001000011100010
100110000001001001010
111010100011100111000
101001001101101001011
100000100000000001001
110100001111011101100
111100011001100110110
110101010111100011000
100010001011010110110
100000101100100100001
111101110011111000100
110100100000010100100
100010101100011101011
100010010100011010110
110010100000100000000
100101011000111010110
100001001010100011001
110010000000010010000
100100000001011000110
110000001011101000000
101000100010100011110
100001000000000000001
111100111110011101000
100000101100011100100
110001110101110111101
101001011101100010010
100111101010111010100
100110011000111111011
100000101001101001000
110011010111010011110
111111101100010010100
111010001001000010110
100010001000000100101
100100110110100010011
100100100101110110000
101000000000000010010
101000000101110001100
100110100100110110101
111001110111110100011
110001100110110111011
110100110111010110000
111111101010101011000
101001000000000001001
111010011110101000111
100110110100010010001
111000100101101111101
110010101000110010000
111111011110100110110
100011110111100111011
100100110101101110000
101100010000001011111
100100000000100101001
100000001010011010010
111111101001111010011
100101111110011000011
110010001100001010001
111010010110111001111
101011001001101101010
110100100011101100111
111011110001000001001
111111101100110111110
100001101011011101111
100001010000110000100
101001001000010000010
111110111010011010000
110010111011000100100
101001101001000001001
101100101010011010000
100100001110000011010
101011101111011101000
100100000000101001100
101101011101001011010
111111110001101110011
111111001110101011110
111000010000000010010
111001100010101100101
100010000001011101000
101101101001101000101
100100010101111111111
100101100100000000001
110111000111001000000
100111111010101010110
110111010001001000000
100010110010010000100
111010001011111111001
110100011010110100100
111001011011110011100
100101011011010100111
101010011101110000110
111010011010010011101
100001001001001000000
111001101101111111000
110001101001100110111
110001000111101001010
101100100010000100110
111100010111111110011
111111100011011101111
100011100011001101101
101001111100110110100
111011110110010111001
100110111111011100011
111011110100111111101
111001100011111101100
100001001010010000001
100111011111100011011
100001001010010000001
110100001100001000000
100100101001000000100
101001010100011001000
111000111011101110010
111001110010111000001
101010001101011010010
100001001010010000001
