101010110000101100100
100101011011111111101
101101110011001101101
111100111101101000000
100110001111110111001
110000001101110011011
100100110110101010100
101010010110111001100
110000010110010010100
100011101111111101101
110111101111100001011
100110101110100110101
110011001000100001101
101000100100010101111
100010101001010000011
100111110011101011011
110111001001010010001
110010100001111011001
100100001011011000110
110110100111001101100
111001010000111101000
111111011000000000110
100100011000111101110
110110100110100011101
110100000100000000101
100010101000111101111
111110001111011001001
111000011101011011011
110100011100100110001
101011000001101110011
111111011100010010001
100100010000000001001
100001000001000011010
101110100110100100101
101111111101001111001
100001101011000000010
111110001100011001110
101011000110111011010
110001001000101011110
101110010010100010011
100011001010000111101
100001101110001100110
100011110000100010111
101010010011000110100
111101011110111110001
110001011111111101011
110100001100100000011
101100001000010100100
111001101110010001110
101101000001000110001
111001110110010110101
111101001101011101110
101100011110111100100
101010011110101001101
100100100001000001010
110101110010001110001
111110100101010010010
100110110010111111000
101011011100100101010
111101100111101000101
111100010000000100111
111000100100111010111
111110011011010010000
100111110000100100101
111111001011111000011
100100110010000010100
100100111110111110011
101111000000011111011
100100000001110100010
110101110011010100010
100010100011111101110
111001101010001110010
100101010001110100000
111111000010010101011
111011110001011000000
111001111011001111100
111000010010111000100
111100100101110000101
110011000111111010001
110010111111001100101
111010101010011011100
111001110111000011110
100100000000000100000
111011100101000101101
100010111010001001000
110111001011111101000
100000000100100000000
110001010100010001110
111011110001000001001
111001111101011100011
100010111001111100101
110000101111010101100
101001101011101001111
111000010001011010000
111000100100100110001
111010101011000010011
101111000011001000000
100100010001010001111
100001001001011101100
100110110100100100001
101000000001001010010
110010011011000001000
110000001001001011001
110110001100011011010
111110101010101111011
100001000111010011110
110111000011011000000
101110100101000000110
100000100101100110010
111110001010100001011
100010000100000101001
111101001000001110000
110101101110010101000
101100001110010000111
100110010110101000101
101010100010101111100
111001011111100110110
111010101001111100110
100100000010010110010
100101110001110010000
110000111000001101000
101001110011110110000
111100100011110001111
111000111010110100001
110111101101100011101
110101100110001000000
110010110111001001110
110110010111111001001
100100001111011000110
110110111101101011000
100011011110100011111
100011001100110101010
101101000101101001001
101111111000001101111
111011011001110110111
100000010010001000000
110110011111110100101
100011000010010000001
110011011100100010101
110010011111111010111
110010010001010111110
111101100010000001100
100011010111100101100
101011101110011111111
111100101110101110000
110001100011000110001
100011001010010011011
110111010101111000000
101100001000101101000
100100100000001000001
110000010000000000000
100110010100001111010
101011000110111011010
110010111011000100110
110000110100100100000
100111110110111011010
101100100100001001001
110011011010010010100
100000101000011000010
111001010011111100011
100010100110100100000
100100000000000000100
111101010100111110000
111101110001110111101
111110010100000010110
101100000010010010100
101000100000010010100
101010100100110101100
111100011010101011100
100000000010110000100
110000001001110000010
101011101000000100101
100111100011100111111
110110011011100100111
110100000010000001110
101010100011101001000
100000001001000100000
111000111101111001000
100000000000101100001
110110101111010001111
110010111100100111001
100011000111110001101
101101101001001000010
111100111011111010101
110001110011111001010
110011111011100010011
101000001011010100001
100000100000001011111
111111010010101011101
101010110111111100110
101010110110111111100
101011010110110100100
100010010000100000101
110001111101000111110
100010111111110100111
100011010110000100010
100110100100000101101
101100101110110011111
110001000000000110000
110001000000010110101
111011111110110010101
110000111001100100111
110000110000100010010
101000101000010000110
110010101001111101011
101011111011001111000
111101011101110011000
110010101001001110110
111010011010001100110
101010011001111101011
100101001110100001011
110011111111010010010
110010100100010111001
111100011010101011100
110110011001000100100
110010010000100101101
100000100101110100100
100010101101011000001
101000110011010100101
110000100010110101001
101011111000101111101
101110100000011111011
100000000000001010010
100000010010010111011
110111001000100010001
110001111110101010001
110010010010010000000
110000000001000001000
100000010110000100000
100000001111111011111
111111111101010000110
110101000011001010011
111100110000100101111
100100100100100000000
100110000100010110100
110010010111110110110
100000000000101100001
101001000010010100110
110000000000100100000
110110011101101100010
101110010001010111100
101001001011001000010
101000010010101000100
111001100001001010111
100000000001001000000
110000001011100011000
101110110001000000001
100100101000001000000
101011111111100011001
100100011001000100110
110010001010000001111
111011011111111101100
111110101000000100111
110010011011010001101
110011001001011000100
100010010100000100000
101101100101111110000
111110011000010010011
100011110001000110001
111000111111010101100
101010101010100101010
111011101000000111000
101110110001000000110
110101001000010110000
100010000011001000000
100100100101100100001
100000001000010010000
111010001011010011000
101101010010001110001
111101001101001001010
100001001010000010000
110101110111001111011
101000100001001010110
110000011011100011101
100001010010000000000
110010011011010010110
100000000000010010001
100100001001000000000
101100010101100011110
101011101000100100000
100111011111010010111
110000010000010000010
101001101101000100110
100101101110010010101
100101100100100001000
111000100011000111011
100110101000111001110
100000000001000001000
101001101101001001010
111000110111010000111
101000101011010110010
101001000101011010100
101001000010000010100
100100000000000100000
100010000111000001101
100011000010001001110
111001010001100110101
100000000001001000100
100000001000000000001
101101111111110010010
110101010101111100111
111010110101110110001
110000001001110000010
110000010000110100000
111010111010010110100
101111100111011111110
110110101100000110010
100001011100011100100
110101111100010111010
101100101000011110100
100000000010010000000
111110001101010001001
111000100000001011110
111010010011011010100
110011000010010100111
111001100110001111000
100100100000100000101
101000101101011011000
100101100001000000000
110110110011101100111
101001011001000000010
101000000000100000100
110011010001100000110
101101000011011100101
111010001001000101101
111010100011100111000
101111001110111110111
101000101011111111110
100111000110011011010
111111010011110101111
100100100100100001001
110010010110010000100
100010000000001000001
110011011011111110010
100111101011010010111
101001101001001101111
111000010100111000110
111011110001000001001
110111010010110010110
111101101100111011111
100001011101000100100
111111111010100000101
101101000100100001011
110111010011010111111
100100100010000000000
100000101001000000000
100000101100001000000
100100101000100001111
111010110100001101000
100101010001100101001
110011010010000010010
100000000101100001000
110010001100001010001
100000010010000000000
101000011110111010001
100000000100000100000
100000000001001001001
110100011100011001000
101110001100110011011
111010101010111110111
101110011000101011011
100111101111001110110
100010000001001011001
111011111111101010110
111101111001110111001
110111000111000111110
110110110100110100110
111111000110111010111
110011010001000100100
111010010010010010000
111111010101010111001
110010010000010000110
101001001000000010010
101100011000110011000
100100000010111000110
100010000100100000000
111001100100001111110
111110001101110100111
101100110111001000111
111101100111101000101
100100000000010000010
100100000010100001101
110110000011011100110
100000010100001100001
101000101111010000010
110001011111111010111
100011011100011001100
101000100000000010010
111110011101111110001
100111010011111010110
100001011000010000000
111100001010010000110
110010110010000000100
100110101110100101101
100000100000100000001
110001011000000010001
100010000000010100110
111111111000110111101
111000100100111010111
101000110000001001011
101101001101000110011
110111000111111011001
100100010001010001111
111110011101111110001
111001011101011001111
100001110000011011001
110100010010001010011
100101000011000010000
100101110101011110010
101000010001100110010
100000001001000000000
100001011111110101000
100001000000101110100
111101001011011100011
100001000011010010010
100111011111101100111
100100100000000000000
100110011110111111000
110101110100111100100
100011010110100001101
110000001000000101010
101110100101100100101
100000010000100100000
100111000001101100100
100111100001010100101
110001001111111000101
111110011010110111010
111010100111100101101
110100111101010000111
100000000000100001001
111010100000101001011
100000000000010100100
110100010000111000100
100111110001101010000
111010001011111111001
101001001001001000000
100101011010110000010
100011101011101110011
110001100110011000011
100100010000100101011
100010000010000110100
101010000100000101001
101010010001000110011
100100000100000000000
101100011100010011110
101000001000001000001
100010100011100011001
101000000100100110110
101101001000001011010
100100011110001000111
101010111111111000100
111010010010000010110
100000100100101110110
101001101011101001001
110011101111101001111
101100101111110011011
110010000010000010100
110101011111000101010
111101010000001000111
100100110110101010100
101011100010010001111
100110100100100100100
111110100101101110101
101000110101101000001
111100011100100010010
110110101101101001000
110101100111010111000
101000011010010010000
100000000001011000010
110111110100101101011
110001110010000011010
100000000010000011001
110111000110011001001
110000001111100011110
110000100101001000100
100000010010010010000
101000101000010000110
101111111110101000011
100010010101000110010
100110001111110101011
101000001010011010101
111010010110010011101
111111110100111101101
100000000000000100100
110101001110010100100
100110111010000001110
100110010000001001000
101001010000010000000
110111010000101011010
110100110100011000101
110100011100111110110
101100100110110100001
101101100101111110000
111101100010000000010
110111111111000110010
110101100000110111101
110110111001001010100
110100100100000100101
110000110111001100110
101010001110011111011
101000000111110001111
100100100001000000001
101001110001001110010
110110001110101110010
111010000001111100101
110001000011010100011
110010000001001001001
101111100010111111101
100000100000110010000
100000001001010000010
111100011001101101000
100000100001001000000
101011101100010000010
100101011111000101001
110001010010011010110
110010111111000010011
111111010010110111110
101100001000010100100
100000000010100100000
100010010010010000000
101101010001110011100
111011010010010000100
100000000010010001000
100000010111000111001
100011011001011111100
111000101111111101111
110010000000000010010
111011010001001000100
100010000001011100011
111111101010000001111
110010110011001000000
101111101010000001100
100000010110001110010
111010000101010101100
100000000100100100100
101100001000000001001
110010010000000100100
101101101111111110110
100000101001101011101
110011101100010000101
100111110011101111111
100010000000100100100
111101001111010100111
100110001010110001111
101100011111101010110
111101010100110010111
101001000001000001010
101111110010001111011
101000101000111000100
100000100101000001000
100000100000000000100
111101000100100010010
111001000101011111001
110100101100100110011
100011010111011010001
100110111001000100011
100000100100010000000
100100000000010000010
111110110011011100011
100100000000000101101
100010000000000010000
101000000000111101010
101000000000000001000
110111101111010000101
100000000101001000000
101000011011100110011
100110111001100010100
100011000111101111001
100000100100000000000
101110111110100101110
101010111110001011101
100000110010000001001
101001101000110000011
101100110011000111100
100100010110101101100
100010110000100000000
110011011010001001100
101001011100001000100
111001000000100100000
110101000110010100100
111001110111111011111
100000010100100000000
101011101001011001011
110111111010110010101
110000111101110100010
110100110100100110011
101000001011001001010
100001001010100011001
100000000010000010000
111011000100000010001
110011001001101001001
110101100111010111000
110010100010000111100
101101111111110101011
101101001001001001000
101010000111101110110
100111111100000000001
101001001000001000011
101001101000100010010
111010110110100110010
100111111010000110000
100010100100000000000
110110010011011010100
101011011010011010011
100100000101100100101
111110101001110011010
110001000011100000010
111100001001100000010
110010100011010110000
101110111000011100011
101101000011001010101
100100011101011111000
110001100000010010110
101110110000100110111
100100101000100110110
111010101010100010001
100110000110110101110
110010000111100101110
110110001000001111000
100010000100100001000
100110111111001000110
101001010010000001000
110001000000101110101
100100100000000100100
110110111111111010001
111001011011100011001
100001000110010101001
111010000111110101100
101000000000000100110
101100110001111110110
110110000001000010000
110000100000000000100
100101000110101101001
111001000100010100101
101110010011100110100
100111101010111010100
111100100101000100110
101001010110001011111
101001000000001001000
110010000110100010000
111010011110101010011
101010010000000000000
110011000111000000101
100010100001111101010
100011011000110110111
100000000100101000001
110110000001010001001
111001111100111011001
111100110001010110110
101111001110010110100
100110010010111000000
111110001000110001000
110101110100110100001
101000001000000010000
110001101010001110111
101010010000000111100
101100010000000101111
110001110001100110010
110000001001001101100
100001100001000101101
101110001110010001001
101010010000101010110
101111111001111101011
101111100011111100001
101000000000001011010
111011010101011011110
100010111101111001101
101001011001001101111
110011011110010111101
100101011111111100010
111000110011001100101
100000101110100010010
100111001111100111010
101101011011010011001
100010100010111001010
101101001101000110011
100010010011010001000
100101101011011010010
101000001000001000010
101011001000011011001
110000000000010110100
110010110010011011110
111001000000000000010
101001001101010001010
100000000001010010000
100000101110100010010
110100101110100110011
110010010110010001000
100001101001001001001
100011011110100011111
110110001100011011010
100001000000000001000
100101011001111100001
110101111000100001000
111000010010100011100
100100011000101100001
100000100100100100000
100010001001001101111
101011001000000000010
111100100110100011001
100001001010001101011
110001010110101110110
100011001100110001111
100111010111011100110
110110100010100010100
101100110101111110001
111000111011101110010
100001000000000010010
110100011001010000010
111101110110000110111
101110001010100001001
110010010111011000000
101111110110110011110
101110111111011001110
111110100000101010101
101101101000100100010
110100011000100111101
100110111000110011000
110101111000100001000
101001100000110111101
100010010000000000000
111011101001101011011
111111100100000010010
110001101110100000111
110111011000100000100
100101000100001110001
101011100011001001000
110101000010000010101
101011000000000111011
110100110101110100000
100001001010010000001
111001000100001001100
111001001100111110000
101011001000110110101
110100011101010000001
100100010000000010001
100000000000000101001
110101101101001101101
101101110001100110000
100001000001100100000
100100110110100100101
101011001001000100100
101101100111011000111
111100010111111110011
101111110101010101100
110011011011110110001
110100001111011101100
111000111001000101101
100100010101101011001
100100000100000001000
111001001010001000101
110000010000010000100
100011000000100100101
100000000000000010010
100100000100000100001
110001111000100011100
110011011011111111001
100101100110010001001
100010000100101010001
110001010001110001000
110011110101000001110
101010001110001100100
100011001101101111111
101001100001011110100
100000000100000110010
101000100010000001011
100100000000001001000
110000000000010000000
101011010110000011001
101101000100010000010
100011101111000001000
100011000010001011010
100110001111011110010
111000110101000111111
111001001000010010010
110010000100101001100
100000110110010111111
110010100000011100101
100011000000011110010
110110010010000100000
100101010100100001110
100010001001001101111
100001000001000000000
110010001010111111011
111010011010111010101
100110110111111010000
100010010000000010010
111011001110110001110
110101000000100000111
111100100010001010110
111101010110101000110
101000010000001000001
111111010111001011000
111010101001111000000
100111101110100110100
100000010010011010001
100000100100110100010
100000011111000110101
111111111100011011010
110011010110010101011
101000110001111011100
110011011010010010100
110001101111110010101
100101001000000000000
101111110011000010001
111011111100100011000
110001110010001010011
110100010001000000001
110010010000100000100
100100110100010001001
111010110000011011010
100000010010110011001
100000010000011001000
110111111001000111001
101011111100110000110
101011101001101001011
101011011111111111000
110011001100011111001
111011100100101000010
101101110010010100001
111011000010010011010
110011101111110110111
111111001110111111100
100010000110100100100
101000000000010010000
100000001000001100100
110111111001100001100
100110011011011111110
111101000010000000111
110111111011001101011
110100000101001101110
110101100011101011000
110000000010010100100
100100101100100000001
101101011010000110100
100010010001000000000
101001011011100100111
101000000000001000000
111110100000011000011
111101110011111101010
111111011110100001001
110110100001011001011
111011100100010001100
100100000001001001000
110001001000010000110
101001010100010110110
101011000111010111001
101011001100101011110
100011111000110101000
100100000010010011011
111110110110011101011
101000010010100100010
101001000001011001011
110100100100011110100
111100101010001001110
111000101111101010100
110011010111010010010
100000001011000111001
100001000010010000000
100101001101010001110
100010001010001110001
100110011101011111000
110011001111001001101
100100101011010111000
110101111101100010110
101111001110111110001
100000000000100100000
100011100111110011101
100010111000111001000
111110011101111101110
101101110010001000110
100110110000100110111
101011010000110111011
110101000010010100001
100000100001101001001
101011110010010101110
111011100110111110101
110011111001110111011
111111000110101000000
100010000010000000000
110100111111110100110
111101001011001001010
100000000000100000100
110010100100000010000
100000000000100100010
100011011101110001000
110100111100001010101
100100110001000011001
110111010000001111001
100000100000010101010
101110000011011001000
101110111000010110000
100000000101001101001
110010011010001000000
110000000100000000100
100100000011011010101
101111111001111101011
110010001011010111110
100101001101011101000
110001010111101001100
111111110100000000000
100110100011000000101
110110000011010100110
100011100000110110010
111100001010000100100
101010101011111000111
101101111110010001100
100001001011001100100
110001110000111010010
101001001101101001011
100001111011101001101
111100011001100110110
110001010110001110001
100101001000000101001
100000001010010000000
111001000001000110001
110110010000000000100
111111011011001110001
110011001001011110001
111101111101001011100
110111101110011011110
111011111010011101001
100101100100110110101
111101100110111001111
101001000000010000010
111101111110110011100
101000001100100000000
110001000000000100100
110111001100010101001
100101001000000000001
110011010111010011110
101110011111001110100
110110000100000000000
111000001101100101001
110010000010110010110
110011110111011101101
100110000001001001010
100100101000110101100
111011001101110010111
110001110011010110111
110010001000000000000
110110101111010001111
110111001111110110011
110111010101101101100
110011111111000101100
111010010001001101110
110010100100000101100
100110101101000011010
101011000010000000000
101010010001010010000
100000100000100001101
101001001000010000010
100111001000101011110
100011010010010010010
100100110000001100101
100110110100010010001
110100001101110011101
110010000100000000100
101111101111101110011
110111110001111001110
101010011010111010000
101100100000010010000
101011011001101110010
110100110011101000110
101010100010101111100
100000001010011010010
110101111000100001000
110110001000000010011
110101000001010011111
111101001101001000011
100010010010010010000
111110010001111000011
100000101110001110010
110100110111110001011
110100000000010010111
110101100111010111000
101101110011000101000
100001001000000001001
101011100011100100000
111111110001101110011
110000100100000000000
101010001101101111010
101001001111100010111
101101101010000011010
111111101101100111100
100000100000100000000
111111101100110111110
101001010001101011000
100000010000000000010
110100110100100000000
111100111111011011110
101011010011110000010
111011100011001100000
101000000101110001100
111101010101011111111
100100000001011000110
100000000000000001001
111000100000010111110
101111100011010100000
111010001000100000100
101111010100000101010
110000000100100100000
101001001001011001010
100100000110010000000
101100111011000100011
111111100111010101011
110000100101010001000
100010001110100101100
100110011001100011110
100111010110010001001
111101101100110000111
110000011011001011011
110110100001101110110
111111110101000000011
111011001011111100000
100100001111011010001
101101010010011011110
100010101111011011101
110000000000000100100
100100010000001001010
101011000001100101011
100001111111101010100
101001000010000000010
111001100010101100101
100010000000000100100
111011010011010001010
110001100011110111000
101110001001010101010
110101101011000001000
101010110101100000100
100010110011011000000
100101110011001000000
110101110100101100001
111101110100110101001
101101011101001011010
110111010111111111100
100110010000100001000
111001111111101010101
110110100110011110101
110010100000100000000
110001100110110111011
