10000001011010000
11101010011001011
10000010110100000
11100001111000010
10001111011111110
11111010100101111
10011010100101001
10101001101011011
10010110100000000
11001101010000010
10000000101101000
10110101001010010
11010100101100101
11101111110110111
11110111111001101
10111111010101011
11111011111110000
10101101000000000
11111101010000001
10111101111111000
11010011010110110
11010010111001110
10101001011100111
10100110101000001
10000000001011010
10000111101111111
11110101001110011
10011110111111100
11011111101000011
11001011101100010
11000011110101001
10010111011101001
10000000010110100
11111110101010110
10001011010000000
11101010010100100
10000101101000000
11010100110111011
10000000000101101
10100101110110001
