11110101001110011
10000010110100000
11100001111000010
11001101010000010
11101010010100100
10000101101000000
11101010011001011
11110111111001101
10000111101111111
10100110101000001
10100101110110001
10000000101101000
10111111010101011
11010100110111011
10110101001010010
10011110111111100
11111101010000001
10010111011101001
11101111110110111
11111011111110000
10001111011111110
11001011101100010
10000001011010000
11111010100101111
11111110101010110
10000000000101101
10011010100101001
11010010111001110
10111101111111000
10101001101011011
10101101000000000
11011111101000011
11000011110101001
11010100101100101
10010110100000000
10101001011100111
10001011010000000
10000000001011010
10000000010110100
11010011010110110
