101110011101111
100000101011000
110011100000101
111110011101100
100100111100010
100001010110000
101011100110001
100111000100001
101001111000100
111110100100100
111100111110011
100010101100000
101110001000010
111101011111100
111100010000100
111001110010111
100111100111011
101110101111110
110011110001000
100000010101100
110001001101101
100000000101011
111100111011110
111010111010011
110011110110001
110101100000000
101111010010010
100101011000000
110111001100010
111000100100011
110101110001101
100010011110001
110111110110101
101011000101011
111001111001101
111101001100011
100111101001001
101111001110110
