111100111110011
101110011101111
100010011110001
100111101001001
101011100110001
111010111010011
111100111011110
100100111100010
110011110110001
111000100100011
100000010101100
111001110010111
110001001101101
111110011101100
101001111000100
101111010010010
100111100111011
101011000101011
101110001000010
111101011111100
100000101011000
111001111001101
110011100000101
100010101100000
111100010000100
111110100100100
111010011101101
101111001110110
101110101111110
100001010110000
110101100000000
110101110001101
110011110001000
100111000100001
101010110000000
111101001100011
100101011000000
110111001100010
100000001010110
100000000101011
