101011100110001
111100010000100
111100111011110
110110101100101
110011110110001
100000010101100
111001110010111
100111000100001
101010110000000
100000000101011
110011010111010
100000011001001
101110101111110
100000101011000
110011100000101
111110011101100
100010101100000
100010011110001
101011000101011
111110100100100
111100111110011
111010011101101
101101001110101
100111100111011
101111001110110
100111101001001
111010111010011
100101011000000
101011101110010
110111001100010
110011110001000
110100100010000
101111010010010
101110001000010
110101110001101
111001111001101
101110011101111
100100111100010
100001010110000
110101100000000
110001001101101
111000100100011
111101001100011
111100010110000
101001111000100
111101011111100
100000001010110
