101110011101111
111100100011100
100000101011000
110011100000101
111110011101100
100100111100010
110001111000110
100001010110000
101011100110001
110010001100100
111111100010010
101001111000100
111110100100100
111100111110011
100010101100000
101110001000010
111101011111100
111100010000100
111001110010111
100000110010111
100111100111011
101110101111110
100001001010111
110011110001000
100000010101100
110001001101101
100000000101011
111100111011110
111010111010011
110011110110001
101111011111010
101111010010010
100101011000000
111000100100011
100010011110001
110101100000000
110111110110101
110101110001101
111101001100011
111101110110100
110101100101011
101101001001111
101000011001110
