0) 0000001000110000010001110000
1) 1111010001000111010100110001
2) 1101001000010011111011000001
3) 1110100001100100111110110001
4) 1101111010110010011111110001
5) 1101111110010010111110100010
6) 0100100101010001110100110000
7) 0101111100111011100001110001
8) 1010000100110101001010000001
9) 0000000000000000000000000000
10) 0111010001010110100010000001
11) 0000000000000000000000000010
12) 0011111010101111001111110001
13) 1011101011011110011010100001
14) 1011100101110110000011100001
15) 1101011101010011111001110010
16) 0111010001010110100010000001
17) 0100001000111000101010100000
18) 0000000000000000000000000000
19) 0110100111101101000000110001
20) 0000000000000000000000000000
21) 0000000000000000000000000000
22) 1000000110001001111110000010
23) 1101000110111011100010000001
24) 0000000000000000000000000000
25) 1000000000010001110110110000
26) 1101111010110010011111110001
27) 1000000000010001110110110000
28) 1101001000010011111011000001
29) 0110100101010101101001010000
30) 0001110110111011100010110010
31) 0000000000000000000000000000
