000000000000000000000000000000
001011100001001000100000000010
110101010001100000110000000001
000000000000000000000000000000
001011011011010001100000000010
000000101101000001000000000001
110101001100101100010000000001
011001011101111010000000000001
010011000010100101000000000000
010101001110110111110000000010
000001011010000010000000000001
110000111100001000000000000001
011000001101100101000000000001
000000000000000000000000000000
111110010100110111100000000000
110111010011110000110000000010
001111011011000000100000000011
000000101101000001000000000001
001000011110010001010000000010
000000000000000000000000000000
000000000000000000000000000000
000010110110110110010000000010
010011100011101001100000000001
010100110101101101010000000001
100011000101110111110000000000
010011010100000101100000000001
000000000000000000000000000000
011101001000011111100000000010
001011010000000001110000000001
111010100111001110000000000001
110010000001000110010000000011
010100001000111010100000000010
100110101000001011000000000001
011110100111111000110000000001
000000010110100000100000000001
000001011010000010000000000001
011111101010101111100000000001
011000011110000110000000000001
000000000000000000000000000000
000000000000000000000000000000
000000000000000000000000000000
000000000000000000000000000000
000000000000000000000000000000
101000010011000100100000000010
101110110011110101010000000001
111000100100101111000000000010
101001101011011010110000000001
010100110101101101010000000001
110110100001011100110000000000
000000100110101110110000000001
100110101000001011000000000001
000000000000000000000000000000
111011111100110111010000000001
011111101010101111100000000001
111010010000111011010000000010
111111010101011011010000000001
111101111111000011100000000001
000000000000000000000000000000
111110101000000110100000000001
111110010000001011100000000010
011110111111100011110000000001
101001101011011010110000000001
000000000000000000000000000000
000000000000000011110000000011
