0110101101100101111000100010
0001111000010011111011110100
1111000100000111010110000010
0000000000000000000000000000
0010001100010100101101000001
0010100001111101110011010001
0101000000110010011100000001
0000000000000000000000000000
0000010101000000000010110001
0010001000110100001100010010
0000000000000000000000000000
0001111000010011111011110010
1010010111101101000000000100
1011101011011110011010100001
1111111110010110100011000010
0100000110010000110011100010
0000000000000000000000000000
0100010001101000011000110010
0000000000000000000000000000
0110100111101101000000110001
1000110000001000111011100001
1011010011110111000110000010
0000010101000000000010110001
23) 0011001000001110101011000001
24) 0000000000000000000000000000
25) 1011101011011110011010100001
26) 0000000000000000000000000000
27) 0111101001111111111110100100
28)1001000110110011011001010011
29) 0110100101010101101001010000
30) 0000000010111000101001100001
31)1111110110100110110010110010
