001010001010001101010110111111
111100000101100010010111100001
000111100101111000010111010111
011011010111001100011000000110
100101000101100010110110101101
001000100011011011000111000110
100000001110001111010111111110
110010101101111111110111001110
011111110111110000000111000011
000101000111100011110111000100
011100101000011010110111000101
101001110011001011100111001110
001000111110001001110111100100
111000110010110000000111001110
000011100010010101010111111010
111001100000000011100110111111
110101010010010101000111100111
010001001111100101000111001110
011111111000000001110111011111
111101000101100001110111000110
000010100001100011000111110011
000010101011010010100110111101
101000011111000100010111000010
000010010110010110010111100110
000101101010111011100111001100
110101011110100100110111001011
110010100010100101100111000000
010111010011111011100111010100
110101011101010110000111010100
000111011100010011100111111110
110100001111011110110111011010
001011100001100000110111001111
110010101111111100000111010011
100000110011111110011000001101
000111110110100000000110110010
010001110110000100100111011000
010010011100101010000111011101
100101101011110100000111011000
000110111001110100100110110011
000110000101011000000111010001
001100100010101111001000000000
101001010111100010010111011000
101101001010110101100111011010
010101110011011100010111001101
000010001011000000010111010000
111010101010111011000110110111
001000111011111011010111100111
100000011001010111010111100001
010000110000000000010111111010
000100110110101110000110101101
110101001111000100000111010000
111010011000001001000110111001
010001001101111111100111001000
111010100101110110100111011011
110111001011011001000111010001
001101111000100000010111000011
001111000100001111110111000110
011001011001010110110111010100
000101110000001111110111011000
100000011001111100110111001011
010100011001101111100111011111
001101001111000101110111001001
100101100101011011100111011010
001000110100100110001000000000
