001010001010001101010110111111
110111100100101010110111100011
110010110100011000100111010110
011011010111001100011000000110
101110011110110011010110101011
001000001110011010000111000101
010101000010100011000111111111
101011110000000101110111001111
001100110101010101000111000011
010000001001010100000111000110
011101110010011000110111000100
011001001111000011100111001111
010000110011101100110111100101
111000110010110000000111001110
111101110110100010110111111010
001110110011110011010111000001
111010001001010101100111101010
010001100010100100000111001101
010111100110010000100111100001
111101000101100001110111000110
000010100001100011000111110011
000000011101100100110110111011
111011111100101101110111000011
010110100011111011000111100111
100110101111001100010111001100
100110001010100001010111001100
110010100010100101100111000000
001010011011100100000111010110
111110001101010111110111010011
111101111011011101100111111111
000110001110011000100111011101
011111101001011010010111010001
010100000111110111000111010100
111110010100000110101000001110
000111100000000000100110110001
010000101100000110100111010111
001101110110000101100111011110
111101110101110010000111011001
000110111001110100100110110011
000110000101011000000111010001
001100100010101111001000000000
101001010111100010010111011000
101101001010110101100111011010
111101100000011000110111001111
101100111000110101000111010001
000010001110010100000110111001
100001010000100001100111101000
110100101100111010000111100010
100110010001011100100111111010
000100010000000000110110101110
010011100111001111000111010001
111010011000001001000110111001
101010110001001000110111001001
100101001111011001000111011100
001101011011100010010111010011
110010101101111011000111000100
110010111011001100010111000111
011001011001010110110111010100
111011011000001001010111011001
011110001001110111010111001101
001010100110001100010111100000
100100100100011111000111001010
100101100101011011100111011010
001000110100100101110111111101
