11110111111001101
10011010100101001
11001000100000100
10101110010001111
10000010110100000
11100001111000010
10011111101101111
10000101101000000
10101101000000000
11101010011001011
10100110101000001
10111111010101011
11000011110101001
10011110111111100
10001100111010010
11110110100010000
11010010111001110
10101001011100111
11111101010000001
10101111010011010
11000111001100011
11101111110110111
11110101001110011
10001111011111110
11001011101100010
10000001011010000
11111010100101111
11111001111011111
11101010010100100
11010100110111011
11111110101010110
10010110000110010
11001101010000010
10000000010110100
10000111101111111
11010100101100101
10111101111111000
11111011111110000
10100101110110001
10000000101101000
