111111100111000
101110011101111
111100101100001
100100111100010
111001000101001
100010101100000
101110101111110
100011001000000
111110100100100
101110001000010
111100111110011
111100111011110
111101011111100
111101001100011
111011010110101
100010100110100
111001111001101
110011110001000
100010111011111
110001111000110
101001111000100
101111001110110
111001010011101
111100010000100
101011010111100
111110011101100
101111010010010
100111000100001
111000100100011
111001110010111
100010111010000
110111001100010
101011000101011
100000101011000
110011100000101
110101100000000
100111101001001
100101011000000
100001010110000
100000001010110
111010111010011
110001101110000
111010000010101
101011001110000
111010011101101
