111000000011001000110
111100000111101000010
100100111110010001101
101111010001111110010
111001111100011100000
101101000010110000101
111001100010010101101
111100000001101110101
100111001000110011111
100100100100101100101
111011100101001010111
111111001111100000110
110010011010001000000
100000010010001000000
101111010000001011111
100001011011001100110
111101010000010100001
110111101101110000101
110101010111110001110
101111110110110011110
111011111100010001000
110100100100011000011
110000100110111011101
101111010100110010001
110111101001100100001
100100101101100111110
110011000111111010001
101010101001100010110
111101111110110011100
100110000000010010000
110001000010101111100
101111100011010100000
110101010101111100111
101110100110000101010
101000010010101000100
110100100000000100001
110100000010000001110
100000000010010000000
110000001001001101100
111001001011001101101
111000111001001100100
110000100001111110000
101010111111111000100
101011101000111101010
100000000110010110101
110101010000111111011
100011100111110011101
111100010101101011001
100100000010101100001
100000101001000000000
111011100100101101001
100010010100000100000
100001100000010011001
110100000100000010111
101111101010101100001
110011010111010010010
101000100001110000001
111000011111110101000
100100001100101101000
101001011001001101111
110010010010000000000
100100000000000000100
110010101010011101001
111111000110101000000
101101110100111101001
111111110100010001010
110010110111001001110
111110110010110101101
111000000011010010001
110111000110011001001
111001001010000010110
111111000101111111010
100001111111011110000
111101111001110111001
111101000110100101100
111010010110010011101
101000110110011110011
110010010110010000100
110101101100100100110
110000010000000000000
100110010100001111010
110110100010100010100
111000100001000101111
100111110011100011101
111000100011000010111
111010011010010011101
110100101101110010111
100001111110001000100
101000000010100111100
101110101000101010110
100110100110110011011
100100100100000001001
101101101000100100010
110110001101010110010
100010010010001101000
110000001111100011110
101011010000110111011
110110001110101110010
101001010001001000100
101100110011000111100
111100111110101001100
100001000000110100110
111101111000011001000
111000111000111110001
101001101001001101111
110010010000100101101
110100010010100101110
111100000111101000010
100111001111100111010
101110100000011111011
100101110110000000011
111001111110010100110
101011000100100011010
101000011001101101111
110010010010010000000
100000000010110000100
111010110100000101100
100101101011011010010
110011011011011111011
101100100000011110100
110001000110001111111
111010100010011101000
111010000100111001100
101110110001000000001
100010111010110110001
111100011101000001101
111101101100111110010
111101110100100010110
110011001001011000100
101001010101100011110
111110011000010010011
100001001001001000000
111000111111010101100
101110001111010100011
101000010101001100010
101011100011010011110
100011010001111000111
101111100011111101011
110100010010001011011
111100110000110100000
100000100101000001000
101000100001001010110
101110101111100111111
100101110100010010000
110100101100100110011
110001010011100100110
101001110011000111011
111110101110110001100
101011111010111011000
100110101000111001110
111100111100101100101
100010000111000001101
100100101100100000001
110011001001011110001
100110111101010011110
101101011101001011010
100111110011101111111
100110100011001101101
110111110011010100100
110100110111011011110
110101100100000010011
110011000010010100111
100100010110101101100
111110111111111010110
100010101111100101111
101101000011011100101
111010001001000101101
101011010000110111011
110101101010011111000
101100100100001001001
101101100000011001110
110011011011111110010
110111010010110010110
111101101100111011111
110010001110100101001
110110101111100011001
100010010001000000000
110000001100110001001
111010110100001101000
111001001101110000111
100100011111100110000
110111110011010100100
101101000000000011100
100000000001001001001
100010001100100001001
111100001101100010110
111010101010111110111
111011111111101010110
110001000010100001100
110111100111101010111
111111010101010111001
110010111011000100101
101001001000000010010
110010011011000001000
101100110111001000111
100100011011100011010
111001011001110001001
110111001100010101001
111100100111101010100
111000100000010111110
100001000011100100000
101110110010101001000
111011101001101011011
100110101110100101101
110011010100001101001
101101101111111110110
110111000111111011001
111001111011110011010
110010100010101111010
101000010001100110010
111101001111010100111
101110011000100111001
110010011010010001110
101101010100000101011
101110100000110011001
110000110000010011000
110011010000101101111
101011001100100010010
101101001000011101100
111000011101011111111
100100100101100100011
101101111110010001100
101000100000000010010
100001000001000011010
101110001101000011001
101101001101000110011
110101111011111011101
101011111000100011000
111001100010010010010
101101001001000001011
111011011010111101010
110010100011010100110
111111110001101101011
110101011111000101010
100000000100111001101
100100001010100001110
100000000101100001000
100001001010101010111
101110001110010001001
110110110000100011101
100000000001011000010
111001101110010001110
100110000100010110100
101110101011111110011
100010001011100101001
100011001101110101001
110010011010010001110
101011011000111001110
111010011011001111101
100001000100000100000
110011011011011111011
101110000100110110111
101101010010111100111
101111100100101100011
110001000011010100011
110010000001001001001
101101000111101000011
111011000101111101101
110001111101001010100
110100111110110110000
111111100011011101111
101100100011001111110
111111010010011010110
111101010001101111000
111011010010010000100
101101111101001010100
101110010000000111110
100100101101000011101
110000000011011001101
101000000000010010000
111000111000000110000
100110101000011100111
101101000010011100110
110010010000000100100
100110110111111111011
100000101001101011101
100111010011000011011
110000010110011110001
110010111111001100101
101100011111101010110
110110011101111001010
111011010101111000100
110110010100011111101
111111111001001101000
100111101100101111001
101100101111110011011
111010001001000010110
100000011011000001010
101111011111110001111
101000100010000001010
110000000010010100100
100000110010000001001
111001001010000010110
101011100101010001001
110010000011010001100
101010011010111010000
110100111000101001101
111110111000000101100
101110101110111001100
111011011100011101111
100001101110011110000
110101001100110001001
100100010011001011100
111111101111100011011
111011110110111111100
101010111001001111110
111111100100001001001
100001000101101011011
110011010101010010100
111011011000010001011
101011101010101000111
100001000011010011100
100110001011101110100
101111111110001101101
110100111110110110000
110100110001011110111
100001101110011110000
101110111110101001111
100100100001000110111
110110111111111010001
100000100000100001101
110110100001101110110
100100000010010011011
110010010101100100010
111000000011001000110
101101001100101001100
101011001010001000100
100111011010001101111
100111100100000110110
100011011101000000111
111101001101011101110
100001100110000011111
101011010111001101000
100111111011011001111
100101011101100001010
101011011100100101010
111101110100110101001
101010001110011111011
111010001011010001010
101110110010000100101
111101000011010111100
101101101001101000101
101110001110100111110
100011001011000000111
110011000111111010001
101010111011010101101
111100101010010011100
111101100010000000010
100001010000110000100
110110100111010101100
111010010011000001010
110000001011100011000
111011011001001010100
100101001101011101000
111010011111101101110
101010110001110101100
101010000001010001000
100101100010110011000
101101110010001000110
101010000011001001000
100100001110111100000
111100011001100110110
111111010000011011011
111100011100100010010
100101100100100001000
101001010001100010000
100111101101001100110
100100100001000001010
110111101010110110000
101000001100100000000
101000010110101110000
111011001101110010111
110100101100001110001
111011011001110110111
101000000000000001000
100100110010000101100
101101011000001101101
101001011101010000001
110011011011110010101
101001010010000001000
100011001000011001001
100101101011001111011
111001100101010110111
110010010010000000000
100011001100110001111
100100011011111101000
101101001010001101111
110111100111011111111
100100000010100001101
110010101000110010000
100000011010111110011
100110001001011011111
111000111011100110011
110100111110010001111
100010100110100100000
100000000010000010000
111100111010000111100
101111000101100011101
110000110000010011000
100100100010000000000
111001100001110110101
100111110100011111101
111111000110111010111
101100011011110000100
101001010010111000111
100110110011011101110
101000101110011001000
101000100011101000101
101100010010000010011
100010011010101000011
101101001000011101100
110101001010101010001
101011111010010010001
111100011001111010010
101111011111010000000
100011001100110001111
100110001110100100110
100100110111010110001
100000010010011010001
110011001111010110010
110000000100000000100
100111101001111010001
101100111011111011110
100110111100011011111
101101011111100011011
100010010010111011000
110110100010010000001
101000100011010000000
100101001011011100110
100011100001110101011
101010100011001010010
101001010010010000000
111011111100100011000
110000001000010001100
110011011100100010101
111001101110101000010
111110010001100100001
101001001001000010010
101000001000001000001
100010110011111011000
110100000101001101110
100101000111000110010
100011000010001011010
110110000100000000000
101010101010100101111
111111101001010111100
101101010100001101001
110001101010001101110
110010110001010100100
100111110101000001010
100000111001001010000
101011000110001100101
110010000001001000101
111110101011110100100
101111011000000110010
100000000010010001000
110110010011011010100
111110010110010000111
100101010011001111101
110111100011011010001
111010011000001100001
101000000010000000010
111111110011000110111
110100010001000000001
110101111011111011101
110010011011010010110
101000001011111001111
101010101011011011111
111101101101010011010
100001000011100110000
100001000000111111101
100100100100100100000
101111111101000110101
110111001100000000111
101110110101100110010
111110000100100101011
100101111101010011011
100001001000001000010
101011100101010001001
111100101110100101011
101101010111101010001
101011011110010000011
111100100101000100110
100100001000000000001
100011011000110000000
111111111010011110010
100011011110101001100
110000101100011011101
110001100100011111001
100000000001010010000
110101100000000111100
110100010101011000100
110001101011100100010
111001011001110001001
