011000000011001000110
100100100100101100101
110010011010001000000
100000010010001000000
111101010000010100001
110101010111110001110
101111110110110011110
111010100000010000111
111101111110110011100
101111100011010100000
110101010101111100111
101000010010101000100
110100000010000001110
100000000010010000000
110000001001001101100
101010111111111000100
100011100111110011101
111100010101101011001
100000101001000000000
100010010100000100000
110011010111010010010
101000100001110000001
101001011001001101111
110010010010000000000
100100000000000000100
111111000110101000000
110010110111001001110
111110110010110101101
110111000110011001001
111111000101111111010
111101111001110111001
111010010110010011101
110010010110010000100
110000010000000000000
100110010100001111010
111010011010010011101
110100101101110010111
100100100100000001001
111000110011001100101
101101101000100100010
110000001111100011110
111100011100100010010
110110001110101110010
101100110011000111100
100001000000110100110
101001101001001101111
110010010000100101101
100111001111100111010
101110100000011111011
110010010010010000000
100000000010110000100
100101101011011010010
110001000110001111111
101110110001000000001
110011001001011000100
111110011000010010011
100001001001001000000
111000111111010101100
100000100101000001000
101000100001001010110
100101110100010010000
110100101100100110011
110001010011100100110
100110101000111001110
111100111100101100101
100010000111000001101
100100101100100000001
101101011101001011010
100111110011101111111
101011010110000011001
110100110111011011110
110011000010010100111
111001100110001111000
100100010110101101100
101101000011011100101
111010001001000101101
101011010000110111011
101100100100001001001
110111010010110010110
111101101100111011111
110110101111100011001
100010010001000000000
111010110100001101000
100000000001001001001
111010101010111110111
111011111111101010110
111010010010010010000
111111010101010111001
101001001000000010010
101100110111001000111
110111001100010101001
111000100000010111110
111011101001101011011
100110101110100101101
101101101111111110110
110111000111111011001
111101001111010100111
100001000010010000000
101011001100100010010
110100010000111000100
101101111110010001100
101000100000000010010
100001000001000011010
101101001101000110011
101101001001000001011
110101011111000101010
100000000101100001000
101110001110010001001
100000000001011000010
111001101110010001110
100110000100010110100
110000100101001000100
101110010001010111100
111001001010001000101
110010000001001001001
111111100011011101111
111111010010011010110
111011010010010000100
101000000000010010000
100010000001011100011
110010010000000100100
100110110111111111011
100000101001101011101
110010111111001100101
101100011111101010110
110110010100011111101
111010000100011110101
101100101111110011011
111010001001000010110
110000000010010100100
100000110010000001001
101001101000110000011
001011100101010001001
101010011010111010000
110011111001110111011
101110101110111001100
101010111001001111110
110110010000000000100
100001000101101011011
101111111110001101101
110000010000110100000
101011000010000000000
110110111111111010001
100000100000100001101
110110100001101110110
100100000010010011011
110010010101100100010
011000000011001000110
100101111110011000011
100011011101000000111
111101001101011101110
100100100001000001010
100111111011011001111
100101011101100001010
101011011100100101010
101001101011101001001
111101110100110101001
101010001110011111011
101101101001101000101
110011000111111010001
111101100010000000010
100001010000110000100
110000001011100011000
100101001101011101000
101010110001110101100
100101100010110011000
101101110010001000110
101000011010011011100
111100011001100110110
101000001100100000000
111011001101110010111
111011011001110110111
101000000000000001000
101101011000001101101
101001010010000001000
110100010111111111011
100011001000011001001
100011001100110001111
100100100000001000001
110111100111011111111
100100000010100001101
110010101000110010000
100010100110100100000
100000000010000010000
100000000101001101001
100100100010000000000
111111000110111010111
100010011010101000011
110001100000010010110
101111011111010000000
100000010010011010001
110010111111101000011
110000000100000000100
100111101001111010001
101100111011111011110
100010010010111011000
110110100010010000001
101010100011001010010
111011111100100011000
111100011010100011011
100101110110011111010
110011011100100010101
101001001001000010010
101000001000001000001
110100000101001101110
100101000111000110010
100011000010001011010
110110000100000000000
101010101010100101111
100101100110010001001
100001010011010111010
111000111110011011011
100101001000000000000
100010110000100000000
110100110101110100000
100011111111100001111
100000000010010001000
110110010011011010100
111110010110010000111
101000000010000000010
110100010001000000001
110010011011010010110
110001101010001110111
110000100000000101101
100100100100100100000
001011100101010001001
111100100101000100110
111110011101111101110
100000000010010010010
100100001000000000001
100100000000101001100
111111111010011110010
100000000000010100100
100000000001010010000
100111110001101010000
