101110011101111
100100111100010
100010101100000
101110101111110
111110100100100
101110001000010
111100111110011
111100111011110
111101011111100
111101001100011
111001111001101
110011110001000
110011110110001
110001001101101
101001111000100
110101110001101
101111001110110
111100010000100
100111000100001
100000000101011
101011100110001
110111001100010
101011000101011
100010011110001
101010110000000
100001010110000
111110011101100
100111101001001
101111010010010
100000101011000
100111100111011
100000010101100
111010011101101
111010111010011
110101100000000
111000100100011
111001110010111
110011100000101
100101011000000
100000001010110
